"","Status","FWS.Total","Other.Fed","Fed.Total","States.Total","Species.Total","Year"
"1","E",556000,1105710,1661710,84250,1745960,2004
"2","E",70757,97966,168723,93000,261723,2004
"3","E",1072200,3512832,4585032,335650,4920682,2004
"4","E",271000,307780,578780,16100,594880,2004
"5","E",111882,25000,136882,62000,198882,2004
"6","E",17000,89300,106300,100,106400,2004
"7","E",327500,88270,415770,9800,425570,2004
"8","E",22500,140490,162990,18900,181890,2004
"9","SAT",103000,0,103000,16100,119100,2004
"10","T",653580,5436822,6090402,1150000,7240402,2004
"11","EXPN",36027,0,36027,466700,502727,2004
"12","T",277500,3475126,3752626,59000,3811626,2004
"13","E",66177,22620,88797,42500,131297,2004
"14","E",66145,25961,92106,18000,110106,2004
"15","E",176000,1940000,2116000,0,2116000,2004
"16","E",13000,1046513,1059513,2800,1062313,2004
"17","EXPN",589065,1127561,1716626,302950,2019576,2004
"18","E",220471,2370556,2591027,50000,2641027,2004
"19","E",35454,271165,306619,5000,311619,2004
"20","E",35544,1165,36709,0,36709,2004
"21","E",35454,101165,136619,0,136619,2004
"22","E",35454,271165,306619,0,306619,2004
"23","E",50000,32132,82132,18500,100632,2004
"24","E",39000,5870,44870,1900,46770,2004
"25","E",0,0,0,12000,12000,2004
"26","E",12541,55000,67541,2000,69541,2004
"27","E",31632,95000,126632,20000,146632,2004
"28","E",1650,2500,4150,1000,5150,2004
"29","E",672,52213,52885,2000,54885,2004
"30","E",218069,82000,300069,5000,305069,2004
"31","E",28593,46165,74758,45000,119758,2004
"32","T",772643,1500879,2273522,739460,3012982,2004
"33","E",2431500,1485177,3916677,5945000,9861677,2004
"34","E",164193,77000,241193,1000,242193,2004
"35","E",635500,0,635500,2000,637500,2004
"36","E",15000,1200,16200,0,16200,2004
"37","E",82500,8552,91052,0,91052,2004
"38","E",9200,1000,10200,0,10200,2004
"39","E",143396,131000,274396,18000,292396,2004
"40","E",106500,16300,122800,2000,124800,2004
"41","T",167796,322350,490146,134850,624996,2004
"42","E",49296,115902,165198,90000,255198,2004
"43","T",44900,154850,199750,0,199750,2004
"44","E",70200,8252,78452,0,78452,2004
"45","E",153200,18120,171320,53000,224320,2004
"46","T",133540,580846,714386,20000,734386,2004
"47","E",720300,743420,1463720,1026000,2489720,2004
"48","T",61000,881254,942254,87800,1030054,2004
"49","E",117000,477240,594240,105000,699240,2004
"50","E",0,28386,28386,2000,30386,2004
"51","E",26000,12100,38100,0,38100,2004
"52","E",232859,50536,283395,265000,548395,2004
"53","E",28123,394666,422789,12000,434789,2004
"54","E",13500,300,13800,0,13800,2004
"55","T",0,9608000,9608000,1203100,10811100,2004
"56","E",0,30546221,30546221,1200000,31746221,2004
"57","T",0,0,0,1000,1000,2004
"58","E",0,2321146,2321146,0,2321146,2004
"59","E",101142,323027,424169,10000,434169,2004
"60","E",56236,154110,210346,70000,280346,2004
"61","E",114573,52500,167073,1000,168073,2004
"62","E",700,16930,17630,43000,60630,2004
"63","E",2500,131191,133691,6000,139691,2004
"64","EXPN",0,11000,11000,4900,15900,2004
"65","E",136000,78000,214000,12000,226000,2004
"66","T",92806,83323,176129,50000,226129,2004
"67","E",0,385000,385000,13200,398200,2004
"68","E",13306,3000,16306,1000,17306,2004
"69","E",31000,0,31000,0,31000,2004
"70","E",31000,6000,37000,8000,45000,2004
"71","E",0,64594,64594,2000,66594,2004
"72","E",0,190117,190117,0,190117,2004
"73","E",200,69010,69210,2950,72160,2004
"74","E",0,659332,659332,6950,666282,2004
"75","E",200,11865923,11866123,503500,12369623,2004
"76","E",0,66129,66129,0,66129,2004
"77","E",5500,2262975,2268475,2000,2270475,2004
"78","EXPN",118053,847905,965958,0,965958,2004
"79","EXPN",985000,30872,1015872,15000,1030872,2004
"80","T",436900,938004,1374904,898000,2272904,2004
"81","T",686200,1355763,2041963,238500,2280463,2004
"82","E",24000,16472,40472,75000,115472,2004
"83","E",314500,100,314600,0,314600,2004
"84","EXPN",737000,5250,742250,0,742250,2004
"85","E",55000,7500,62500,50300,112800,2004
"86","E",0,212500,212500,2000,214500,2004
"87","E",3335,25486,28821,0,28821,2004
"88","E",24867,2000,26867,0,26867,2004
"89","E",667,0,667,0,NA,2004
"90","E",3668,17271,20939,29000,49939,2004
"91","E",1502519,7695,1510214,0,1510214,2004
"92","E",162500,79073,241573,97000,338573,2004
"93","E",24000,0,24000,3000,27000,2004
"94","E",2001,0,2001,0,2001,2004
"95","E",500,0,500,0,NA,2004
"96","T",25900,208700,234600,0,234600,2004
"97","E",92644,565453,658097,22500,680597,2004
"98","EXPN",2713,240000,242713,0,242713,2004
"99","E",55543,48843,104386,0,104386,2004
"100","E",521500,41795,563295,1000,564295,2004
"101","E",94000,683641,777641,7600,785241,2004
"102","EXPN",370653,32445,403098,136200,539298,2004
"103","EXPN",400600,32860,433460,0,433460,2004
"104","E",3502,25486,28988,0,28988,2004
"105","E",667,0,667,0,NA,2004
"106","E",834,1393,2227,0,2227,2004
"107","E",82966,13064,96030,73000,169030,2004
"108","E",338027,228162,566189,26000,592189,2004
"109","E",0,985,985,0,NA,2004
"110","E",59466,85885,145351,2600,147951,2004
"111","E",40900,9906,50806,0,50806,2004
"112","T",3055703,5670187,8725890,1111350,9837240,2004
"113","T",784500,365692,1150192,3000,1153192,2004
"114","T",1403500,144452,1547952,3000,1550952,2004
"115","E",17141,196665,213806,8300,222106,2004
"116","E",85000,365039,450039,67600,517639,2004
"117","E",1001,0,1001,0,1001,2004
"118","E",1001,0,1001,0,1001,2004
"119","E",1305677,10513447,11819124,92700,11911824,2004
"120","T",1001071,263188,1264259,10000,1274259,2004
"121","E",76617,217592,294209,32000,326209,2004
"122","E",28136,59271,87407,0,87407,2004
"123","E",20000,0,20000,0,20000,2004
"124","E",4000,0,4000,0,4000,2004
"125","E",26200,4950,31150,0,31150,2004
"126","T",595800,737111,1332911,30300,1363211,2004
"127","E",134978,46862,181840,0,181840,2004
"128","E",60500,331751,392251,0,392251,2004
"129","E",2001,0,2001,0,2001,2004
"130","E",1583,110400,111983,40000,151983,2004
"131","E",1001,0,1001,0,1001,2004
"132","T",11202,0,11202,0,11202,2004
"133","E",166622,29385,196007,0,196007,2004
"134","E",4002,55000,59002,7100,66102,2004
"135","T",1780880,2023915,3804795,1841900,5646695,2004
"136","E",35000,0,35000,0,35000,2004
"137","E",25034,2000,27034,0,27034,2004
"138","T",917618,4299377,5216995,60000,5276995,2004
"139","T",3271177,3064943,6336120,644450,6980570,2004
"140","E",24617,3004447,3029064,60000,3089064,2004
"141","E",990500,383000,1373500,2e+05,1573500,2004
"142","E",26534,4950,31484,60000,91484,2004
"143","E",292994,438948,731942,47650,779592,2004
"144","E",81707,335899,417606,0,417606,2004
"145","E",20000,0,20000,25500,45500,2004
"146","E",249100,145076,394176,30400,424576,2004
"147","T",496128,2686877,3183005,306400,3489405,2004
"148","T",1367320,3116194,4483514,47100,4530614,2004
"149","E",30203,2000,32203,35000,67203,2004
"150","E",53000,19581,72581,0,72581,2004
"151","E",287090,250500,537590,120000,657590,2004
"152","E",132027,124925,256952,40000,296952,2004
"153","E",9338,206000,215338,0,215338,2004
"154","EXPN",244190,18600,262790,0,262790,2004
"155","E",44341,236227,280568,8000,288568,2004
"156","E",40796,485200,525996,8000,533996,2004
"157","T",130883,8071,138954,8000,146954,2004
"158","E",23380,0,23380,500,23880,2004
"159","E",8000,723274,731274,0,731274,2004
"160","E",20500,98500,119000,16000,135000,2004
"161","T",90,67755,67845,0,67845,2004
"162","E",115402,59444,174846,0,174846,2004
"163","E",451500,709900,1161400,18300,1179700,2004
"164","E",40143,223776,263919,26000,289919,2004
"165","E",279743,1217518,1497261,35000,1532261,2004
"166","E",477115,2291274,2768389,104600,2872989,2004
"167","E",10500,6700,17200,58475,75675,2004
"168","T",14500,7620,22120,700,22820,2004
"169","E",667,0,667,0,NA,2004
"170","E",667,0,667,0,NA,2004
"171","E",5336,0,5336,55000,60336,2004
"172","T",2019,31000,33019,1000,34019,2004
"173","E",2250000,2251463,4501463,105000,4606463,2004
"174","E",175694,743785,919479,3000,922479,2004
"175","E",600,21300,21900,0,21900,2004
"176","E",2221000,2231326,4452326,0,4452326,2004
"177","E",146900,552400,699300,68200,767500,2004
"178","E",11334,1100,12434,38500,50934,2004
"179","E",1001,0,1001,0,1001,2004
"180","E",133743,31200,164943,0,164943,2004
"181","E",0,19800,19800,20000,39800,2004
"182","E",2096000,11680785,13776785,348300,14125085,2004
"183","E",667,0,667,0,NA,2004
"184","E",667,0,667,0,NA,2004
"185","SAT",18478,180832,199310,0,199310,2004
"186","E",1000,0,1000,0,1000,2004
"187","T",2000,0,2000,0,2000,2004
"188","E",25000,128073,153073,0,153073,2004
"189","E",4000,0,4000,0,4000,2004
"190","E",20000,0,20000,0,20000,2004
"191","E",32400,102200,134600,0,134600,2004
"192","E",1000,0,1000,0,1000,2004
"193","T",6000,0,6000,21000,27000,2004
"194","E",37858,236600,274458,45000,319458,2004
"195","T",156332,13000,169332,1000,170332,2004
"196","T",23773,13564,37337,0,37337,2004
"197","E",0,500,500,0,NA,2004
"198","T",25000,76300,101300,3000,104300,2004
"199","E",2e+05,2010904,2210904,600,2211504,2004
"200","T",81454,2388764,2470218,32000,2502218,2004
"201","E",160056,2756678,2916734,32900,2949634,2004
"202","E",410000,3875616,4285616,9550,4295166,2004
"203","E",231000,6968615,7199615,23600,7223215,2004
"204","T",778600,6332519,7111119,363000,7474119,2004
"205","T",200,2214590,2214790,0,2214790,2004
"206","T",22200,0,22200,0,22200,2004
"207","T",7700,39500,47200,0,47200,2004
"208","T",600,100,700,0,NA,2004
"209","T",0,19647,19647,0,19647,2004
"210","T",19500,4810,24310,8000,32310,2004
"211","T",276000,325779,601779,2750,604529,2004
"212","T",95214,1414609,1509823,5000,1514823,2004
"213","T",57000,4000,61000,11350,72350,2004
"214","E",90207,78196,168403,5000,173403,2004
"215","SAT",48090,28200,76290,22000,98290,2004
"216","T",1040749,4247114,5287863,125800,5413663,2004
"217","T",109500,1944600,2054100,48000,2102100,2004
"218","E",9500,1200,10700,0,10700,2004
"219","T",12500,1126060,1138560,170150,1308710,2004
"220","SAT",0,1900,1900,39250,41150,2004
"221","T",2100,3000,5100,0,5100,2004
"222","T",0,450,450,5000,5450,2004
"223","T",17500,8000,25500,5000,30500,2004
"224","T",18373,5328,23701,1000,24701,2004
"225","T",663686,907263,1570949,6000,1576949,2004
"226","T",336500,171350,507850,12000,519850,2004
"227","E",113500,444200,557700,32000,589700,2004
"228","E",49969,166008,215977,5000,220977,2004
"229","T",20000,0,20000,0,20000,2004
"230","E",1876000,6500,1882500,2000,1884500,2004
"231","T",822028,419100,1241128,20000,1261128,2004
"232","T",5000,2000,7000,6100,13100,2004
"233","T",150700,161610,312310,149300,461610,2004
"234","T",54900,1000,55900,0,55900,2004
"235","T",15000,3850,18850,0,18850,2004
"236","E",54568,8063,62631,1000,63631,2004
"237","E",0,0,0,800,NA,2004
"238","E",13000,87200,100200,14000,114200,2004
"239","E",15000,3850,18850,0,18850,2004
"240","E",665727,393992,1059719,3000,1062719,2004
"241","E",115000,4040,119040,68000,187040,2004
"242","T",40000,0,40000,0,40000,2004
"243","E",111830,24937,136767,104500,241267,2004
"244","T",2000,0,2000,1000,3000,2004
"245","E",400,3000,3400,0,3400,2004
"246","T",230000,0,230000,14500,244500,2004
"247","E",277117,4437649,4714766,149800,4864566,2004
"248","E",17646,1000,18646,1100,19746,2004
"249","T",0,0,0,1000,1000,2004
"250","E",301761,6219245,6521006,149000,6670006,2004
"251","T",10056,0,10056,1000,11056,2004
"252","E",13520,112000,125520,0,125520,2004
"253","E",353204,45008,398212,0,398212,2004
"254","E",53393,19000,72393,0,72393,2004
"255","E",18500,0,18500,1000,19500,2004
"256","T",20500,0,20500,500,21000,2004
"257","T",14000,6000,20000,6000,26000,2004
"258","T",182400,15349,197749,19200,216949,2004
"259","EXPN",7500,0,7500,0,7500,2004
"260","E",395400,67333,462733,12800,475533,2004
"261","E",5500,8000,13500,1000,14500,2004
"262","E",164700,581871,746571,0,746571,2004
"263","E",17200,0,17200,2200,19400,2004
"264","T",61000,900,61900,0,61900,2004
"265","E",1600,0,1600,0,1600,2004
"266","T",32323,49785,82108,2000,84108,2004
"267","T",10056,0,10056,5500,15556,2004
"268","E",925,6000,6925,0,6925,2004
"269","E",138840,15333,154173,3100,157273,2004
"270","E",163000,1500,164500,3000,167500,2004
"271","T",0,1070,1070,10000,11070,2004
"272","E",30900,0,30900,0,30900,2004
"273","E",35000,0,35000,7000,42000,2004
"274","T",195500,103600,299100,0,299100,2004
"275","E",25900,4310,30210,0,30210,2004
"276","EXPN",7500,0,7500,0,7500,2004
"277","E",233000,1500,234500,0,234500,2004
"278","E",25000,4370,29370,0,29370,2004
"279","T",24500,1200,25700,0,25700,2004
"280","T",32800,34971,67771,800,68571,2004
"281","T",85500,0,85500,76000,161500,2004
"282","E",97000,915423,1012423,0,1012423,2004
"283","E",67500,0,67500,0,67500,2004
"284","T",5000,67000,72000,0,72000,2004
"285","T",87000,14100,101100,0,101100,2004
"286","E",10000,0,10000,0,10000,2004
"287","E",1300,0,1300,0,1300,2004
"288","E",7000,10500,17500,0,17500,2004
"289","E",3000,0,3000,0,3000,2004
"290","E",41000,25650,66650,100,66750,2004
"291","E",0,1020,1020,0,1020,2004
"292","E",287703,286106,573809,17000,590809,2004
"293","E",4500,3000,7500,0,7500,2004
"294","E",0,55200,55200,20000,75200,2004
"295","T",34400,209138,243538,5700,249238,2004
"296","E",8500,600,9100,7000,16100,2004
"297","E",13000,0,13000,0,13000,2004
"298","E",8500,2800,11300,3500,14800,2004
"299","EXPN",6500,0,6500,3500,10000,2004
"300","T",17900,2800,20700,2500,23200,2004
"301","EXPN",200,0,200,5000,5200,2004
"302","EXPN",300,0,300,2600,2900,2004
"303","T",20000,500,20500,25000,45500,2004
"304","T",111000,420600,531600,3200,534800,2004
"305","E",225000,7837562,8062562,11000,8073562,2004
"306","E",172000,5136746,5308746,8000,5316746,2004
"307","EXPN",243972,12100,256072,160500,416572,2004
"308","E",13250,0,13250,3100,16350,2004
"309","E",6900,0,6900,2200,9100,2004
"310","E",15000,23500,38500,0,38500,2004
"311","E",129496,128449,257945,12000,269945,2004
"312","E",42170,89250,131420,6400,137820,2004
"313","E",17000,500,17500,0,17500,2004
"314","E",53393,11000,64393,0,64393,2004
"315","E",1800,0,1800,2200,4000,2004
"316","E",2e+06,5460434,7460434,35900,7496334,2004
"317","T",1351794,23959988,25311782,2116550,27428332,2004
"318","T",10298189,28311745,38609934,1968700,40578634,2004
"319","E",2341384,6453632,8795016,0,8795016,2004
"320","T",1137108,19945500,21082608,3002250,24084858,2004
"321","T",1034823,15532581,16567404,852150,17419554,2004
"322","T",14086,8034850,8048936,12600,8061536,2004
"323","E",1175638,18391132,19566770,687850,20254620,2004
"324","T",911510,6245558,7157068,0,7157068,2004
"325","T",30626,4339292,4369918,3160000,7529918,2004
"326","T",273661,7608489,7882150,528950,8411100,2004
"327","T",229213,4118180,4347393,499450,4846843,2004
"328","T",0,4035432,4035432,0,4035432,2004
"329","T",868781,17562906,18431687,4974050,23405737,2004
"330","T",0,8203000,8203000,1004050,9207050,2004
"331","E",8000,15999689,16007689,1542500,17550189,2004
"332","T",1025,4051000,4052025,225350,4277375,2004
"333","E",700,75200,75900,0,75900,2004
"334","T",200,0,200,0,NA,2004
"335","T",126100,50145,176245,7500,183745,2004
"336","T",1000,0,1000,500,1500,2004
"337","T",14500,137995,152495,5250,157745,2004
"338","E",12500,1000,13500,0,13500,2004
"339","E",31000,648,31648,32500,64148,2004
"340","E",52000,0,52000,0,52000,2004
"341","T",0,2480450,2480450,1000,2481450,2004
"342","E",290653,266251,556904,179900,736804,2004
"343","T",1000,36,1036,0,1036,2004
"344","T",111213,1006000,1117213,635000,1752213,2004
"345","T",107000,481100,588100,3200,591300,2004
"346","T",21371,2000,23371,2900,26271,2004
"347","T",61000,9400,70400,10000,80400,2004
"348","E",35359,0,35359,3500,38859,2004
"349","T",0,16500,16500,0,16500,2004
"350","E",1800,4500,6300,2000,8300,2004
"351","T",49900,0,49900,1000,50900,2004
"352","E",1800,0,1800,1000,2800,2004
"353","T",773554,7389682,8163236,4240000,12403236,2004
"354","T",5957497,20070305,26027802,2175450,28203252,2004
"355","T",10182,3974998,3985180,0,3985180,2004
"356","T",150411,9564879,9715290,434950,10150240,2004
"357","T",0,3930890,3930890,0,3930890,2004
"358","E",0,3961426,3961426,0,3961426,2004
"359","E",160000,15265272,15425272,572150,15997422,2004
"360","T",24851,6283449,6308300,15500,6323800,2004
"361","T",667188,26926171,27593359,366250,27959609,2004
"362","T",38369,4426940,4465309,0,4465309,2004
"363","E",43790,14000,57790,0,57790,2004
"364","E",12000,25284,37284,1000,38284,2004
"365","T",357500,515874,873374,60000,933374,2004
"366","E",1342087,11876686,13218773,151400,13370173,2004
"367","E",1470000,832705,2302705,9200,2311905,2004
"368","E",77324,5206349,5283673,405500,5689173,2004
"369","E",50475,362700,413175,207200,620375,2004
"370","E",483350,3760372,4243722,9500,4253222,2004
"371","E",47986,700,48686,1000,49686,2004
"372","E",490597,6877345,7367942,180700,7548642,2004
"373","T",167254,136428,303682,0,303682,2004
"374","E",463793,3979172,4442965,10500,4453465,2004
"375","T",27763,30000,57763,1500,59263,2004
"376","E",259000,384500,643500,24100,667600,2004
"377","T",33000,292500,325500,120000,445500,2004
"378","T",9693815,19812133,29505948,3064650,32570598,2004
"379","E",61000,28000,89000,96500,185500,2004
"380","T",0,75045,75045,264500,339545,2004
"381","T",2040249,898793,2939042,114100,3053142,2004
"382","T",55999,9000,64999,0,64999,2004
"383","T",247714,44000,291714,0,291714,2004
"384","E",26200,101333,127533,9000,136533,2004
"385","EXPN",441000,0,441000,14500,455500,2004
"386","E",5000,15600,20600,3000,23600,2004
"387","T",53500,46120,99620,2500,102120,2004
"388","E",60500,43936,104436,16700,121136,2004
"389","E",24500,7763,32263,4700,36963,2004
"390","E",100,0,100,500,NA,2004
"391","E",100,0,100,0,NA,2004
"392","E",200,0,200,0,NA,2004
"393","E",40500,16000,56500,0,56500,2004
"394","E",22600,310,22910,0,22910,2004
"395","E",89600,380910,470510,5050,475560,2004
"396","EXPN",0,3850,3850,0,3850,2004
"397","E",26100,0,26100,3000,29100,2004
"398","E",31900,9000,40900,6000,46900,2004
"399","E",32600,13000,45600,6000,51600,2004
"400","E",46500,6020,52520,7000,59520,2004
"401","EXPN",0,31913,31913,0,31913,2004
"402","E",26400,0,26400,3000,29400,2004
"403","E",3500,37300,40800,3000,43800,2004
"404","E",149500,8992,158492,36500,194992,2004
"405","E",39500,19673,59173,0,59173,2004
"406","E",110400,24560,134960,16400,151360,2004
"407","T",10800,600,11400,200,11600,2004
"408","T",27500,4200,31700,3000,34700,2004
"409","E",112500,224892,337392,654500,991892,2004
"410","E",423400,820360,1243760,58900,1302660,2004
"411","E",11500,20800,32300,0,32300,2004
"412","E",39400,0,39400,0,39400,2004
"413","EXPN",5500,0,5500,0,5500,2004
"414","E",32200,450,32650,0,32650,2004
"415","E",184000,98000,282000,3200,285200,2004
"416","EXPN",0,52582,52582,0,52582,2004
"417","T",36000,21600,57600,3000,60600,2004
"418","E",8000,14600,22600,3000,25600,2004
"419","E",50500,7720,58220,0,58220,2004
"420","E",60700,2500,63200,0,63200,2004
"421","E",1100,0,1100,800,1900,2004
"422","E",3800,8750,12550,800,13350,2004
"423","T",39800,12450,52250,3000,55250,2004
"424","E",85000,247425,332425,34300,366725,2004
"425","E",38500,3010,41510,5000,46510,2004
"426","EXPN",0,50000,50000,0,50000,2004
"427","E",79700,53610,133310,28100,161410,2004
"428","T",42000,5642,47642,3000,50642,2004
"429","E",1900,450,2350,800,3150,2004
"430","E",6800,86600,93400,800,94200,2004
"431","EXPN",100,8500,8600,0,8600,2004
"432","E",76000,0,76000,3300,79300,2004
"433","E",7000,11500,18500,800,19300,2004
"434","E",155000,38487,193487,24100,217587,2004
"435","E",17900,9232,27132,0,27132,2004
"436","E",500,7000,7500,0,7500,2004
"437","E",43700,0,43700,1500,45200,2004
"438","EXPN",5500,0,5500,0,5500,2004
"439","E",0,0,0,3000,3000,2004
"440","E",26500,0,26500,3000,29500,2004
"441","E",51500,7720,59220,0,59220,2004
"442","E",87200,83600,170800,4800,175600,2004
"443","E",33700,450,34150,800,34950,2004
"444","E",3600,7500,11100,0,11100,2004
"445","E",17200,28450,45650,0,45650,2004
"446","E",51200,59680,110880,4100,114980,2004
"447","T",23500,23600,47100,1400,48500,2004
"448","E",71700,46000,117700,4700,122400,2004
"449","E",57500,7720,65220,0,65220,2004
"450","E",4000,0,4000,1100,5100,2004
"451","E",10000,18500,28500,1500,30000,2004
"452","E",51200,48310,99510,3100,102610,2004
"453","E",46500,30123,76623,7500,84123,2004
"454","E",72000,100600,172600,0,172600,2004
"455","T",55500,3120,58620,0,58620,2004
"456","E",4000,8882,12882,5000,17882,2004
"457","E",26000,468,26468,19100,45568,2004
"458","E",100,4000,4100,3000,7100,2004
"459","E",40000,49720,89720,0,89720,2004
"460","E",600,4000,4600,0,4600,2004
"461","E",35500,75522,111022,47151,158173,2004
"462","E",0,1e+05,1e+05,0,1e+05,2004
"463","E",1568,122353,123921,12000,135921,2004
"464","E",72200,30000,102200,17000,119200,2004
"465","T",700,0,700,0,NA,2004
"466","E",25108,1620,26728,0,26728,2004
"467","E",13700,0,13700,0,13700,2004
"468","E",1100,400,1500,0,1500,2004
"469","E",13000,0,13000,0,13000,2004
"470","E",3300,3000,6300,0,6300,2004
"471","T",2400,0,2400,0,2400,2004
"472","E",2200,0,2200,0,2200,2004
"473","T",15000,0,15000,0,15000,2004
"474","T",6100,0,6100,0,6100,2004
"475","E",700,0,700,0,NA,2004
"476","T",129151,51620,180771,0,180771,2004
"477","T",65500,200,65700,2000,67700,2004
"478","T",6000,0,6000,2200,8200,2004
"479","E",42500,0,42500,5100,47600,2004
"480","E",198652,500,199152,1000,200152,2004
"481","T",11778,0,11778,0,11778,2004
"482","T",800,0,800,0,NA,2004
"483","T",7400,0,7400,0,7400,2004
"484","E",91173,30420,121593,0,121593,2004
"485","T",9000,0,9000,0,9000,2004
"486","E",16200,0,16200,0,16200,2004
"487","E",103095,378669,481764,0,481764,2004
"488","E",2000,0,2000,0,2000,2004
"489","E",88739,524793,613532,0,613532,2004
"490","E",0,2000,2000,1200,3200,2004
"491","E",14296,7072,21368,3000,24368,2004
"492","E",115545,25872,141417,0,141417,2004
"493","E",0,0,0,100,NA,2004
"494","E",237590,193969,431559,16900,448459,2004
"495","E",6000,1280,7280,0,7280,2004
"496","E",10000,320,10320,0,10320,2004
"497","E",10000,3750,13750,0,13750,2004
"498","T",2374,0,2374,0,2374,2004
"499","E",10000,320,10320,0,10320,2004
"500","E",26800,5000,31800,0,31800,2004
"501","E",10000,320,10320,500,10820,2004
"502","E",31740,0,31740,0,31740,2004
"503","E",13000,320,13320,500,13820,2004
"504","T",131768,1376465,1508233,5000,1513233,2004
"505","T",28075,13810,41885,0,41885,2004
"506","E",43607,0,43607,0,43607,2004
"507","E",13262,5994,19256,0,19256,2004
"508","E",9119,0,9119,0,9119,2004
"509","E",209332,38823,248155,0,248155,2004
"510","E",364760,289009,653769,432100,1085869,2004
"511","E",180,0,180,0,NA,2004
"512","E",7646,0,7646,0,7646,2004
"513","E",8747,338475,347222,0,347222,2004
"514","E",28100,2020,30120,53500,83620,2004
"515","E",1363,15000,16363,0,16363,2004
"516","T",137530,25002,162532,12150,174682,2004
"517","E",2090,133136,135226,0,135226,2004
"518","E",232444,19000,251444,0,251444,2004
"519","E",4300,4e+05,404300,1400,405700,2004
"520","E",6172,0,6172,0,6172,2004
"521","E",8700,0,8700,0,8700,2004
"522","E",48227,10000,58227,0,58227,2004
"523","E",1708,6800,8508,0,8508,2004
"524","E",141000,122870,263870,48300,312170,2004
"525","E",1673466,0,1673466,0,1673466,2004
"526","E",11040,0,11040,0,11040,2004
"527","E",10000,50160,60160,1000,61160,2004
"528","E",10000,50160,60160,1000,61160,2004
"529","E",15561,4000,19561,0,19561,2004
"530","T",54544,15000,69544,0,69544,2004
"531","T",3100,0,3100,0,3100,2004
"532","E",77416,50000,127416,2000,129416,2004
"533","E",97281,0,97281,0,97281,2004
"534","T",850,1500,2350,0,2350,2004
"535","T",6000,10700,16700,3700,20400,2004
"536","E",18030,0,18030,0,18030,2004
"537","T",0,570,570,8050,8620,2004
"538","E",6000,640,6640,500,7140,2004
"539","E",1360000,1280,1361280,500,1361780,2004
"540","E",10000,0,10000,0,10000,2004
"541","E",10000,160,10160,0,10160,2004
"542","E",10000,160,10160,0,10160,2004
"543","E",10000,50160,60160,0,60160,2004
"544","E",10000,160,10160,0,10160,2004
"545","E",8000,160,8160,500,8660,2004
"546","E",10000,160,10160,0,10160,2004
"547","E",32101,0,32101,0,32101,2004
"548","E",1500,12000,13500,0,13500,2004
"549","E",10000,320,10320,1000,11320,2004
"550","E",0,113,113,0,NA,2004
"551","E",10000,1700,11700,550,12250,2004
"552","E",32101,0,32101,0,32101,2004
"553","E",0,320,320,0,NA,2004
"554","E",18000,0,18000,500,18500,2004
"555","E",18500,0,18500,400,18900,2004
"556","E",29000,0,29000,0,29000,2004
"557","E",5575,1200,6775,1000,7775,2004
"558","E",17143,66578,83721,0,83721,2004
"559","E",22090,3000,25090,0,25090,2004
"560","E",137939,404525,542464,0,542464,2004
"561","E",164623,146861,311484,0,311484,2004
"562","T",199627,780215,979842,39000,1018842,2004
"563","E",2000,0,2000,500,2500,2004
"564","T",2000,0,2000,500,2500,2004
"565","E",0,0,0,1200,1200,2004
"566","E",600,32700,33300,0,33300,2004
"567","E",24077,5500,29577,0,29577,2004
"568","E",6200,10000,16200,0,16200,2004
"569","E",171372,478600,649972,16000,665972,2004
"570","E",20000,300,20300,0,20300,2004
"571","E",5341,9759,15100,500,15600,2004
"572","E",141,0,141,100,NA,2004
"573","E",161,0,161,100,NA,2004
"574","E",5361,9759,15120,100,15220,2004
"575","E",3843,33400,37243,1400,38643,2004
"576","E",141,0,141,500,NA,2004
"577","E",133,0,133,100,NA,2004
"578","E",133,5266,5399,100,5499,2004
"579","E",4986,0,4986,1100,6086,2004
"580","E",161,0,161,100,NA,2004
"581","E",133,0,133,100,NA,2004
"582","E",137,0,137,500,NA,2004
"583","E",171,2000,2171,300,2471,2004
"584","E",0,7546,7546,0,7546,2004
"585","T",57100,220784,277884,5500,283384,2004
"586","E",2626,85376,88002,0,88002,2004
"587","E",14000,33316,47316,1500,48816,2004
"588","T",5520,224000,229520,0,229520,2004
"589","T",600,2977,3577,8000,11577,2004
"590","E",1500,36,1536,4500,6036,2004
"591","T",55500,28400,83900,2400,86300,2004
"592","E",5800,6000,11800,0,11800,2004
"593","E",3731,0,3731,300,4031,2004
"594","E",5085,0,5085,1500,6585,2004
"595","T",5497,25000,30497,1100,31597,2004
"596","E",6800,17400,24200,0,24200,2004
"597","E",137,2501,2638,500,3138,2004
"598","E",163,0,163,300,NA,2004
"599","E",0,500,500,700,1200,2004
"600","E",171,0,171,300,NA,2004
"601","E",8931,22649,31580,1000,32580,2004
"602","T",0,5376,5376,0,5376,2004
"603","E",4500,0,4500,0,4500,2004
"604","T",0,19200,19200,0,19200,2004
"605","E",17000,26000,43000,200,43200,2004
"606","E",751,1000,1751,0,1751,2004
"607","E",2200,0,2200,4000,6200,2004
"608","E",2200,24000,26200,0,26200,2004
"609","E",0,23600,23600,0,23600,2004
"610","E",0,3252,3252,0,3252,2004
"611","E",13603,19000,32603,9000,41603,2004
"612","E",0,266,266,0,NA,2004
"613","E",20427,78713,99140,0,99140,2004
"614","E",30148,0,30148,36000,66148,2004
"615","T",1500,8000,9500,0,9500,2004
"616","E",600,432,1032,500,1532,2004
"617","T",2169,1600,3769,0,3769,2004
"618","E",2100,0,2100,0,2100,2004
"619","T",300,620,920,0,NA,2004
"620","T",12800,16650,29450,7800,37250,2004
"621","E",0,266,266,0,NA,2004
"622","E",5500,32916,38416,0,38416,2004
"623","E",40000,1500,41500,0,41500,2004
"624","E",9000,200,9200,5200,14400,2004
"625","T",4000,5200,9200,0,9200,2004
"626","E",2200,0,2200,3000,5200,2004
"627","E",2000,1000,3000,0,3000,2004
"628","E",133,0,133,100,NA,2004
"629","E",133,0,133,100,NA,2004
"630","E",0,266,266,0,NA,2004
"631","E",6400,0,6400,0,6400,2004
"632","T",500,0,500,3000,3500,2004
"633","E",3000,0,3000,0,3000,2004
"634","T",596,0,596,0,NA,2004
"635","T",31724,85000,116724,0,116724,2004
"636","E",0,266,266,0,NA,2004
"637","E",1247,0,1247,0,1247,2004
"638","T",2900,0,2900,0,2900,2004
"639","E",30900,4000,34900,0,34900,2004
"640","E",6500,1180,7680,2400,10080,2004
"641","T",63400,1600,65000,9500,74500,2004
"642","E",0,3253,3253,0,3253,2004
"643","E",2400,600,3000,600,3600,2004
"644","T",22405,58100,80505,600,81105,2004
"645","T",1183,22300,23483,0,23483,2004
"646","T",16400,4000,20400,0,20400,2004
"647","T",600,0,600,28700,29300,2004
"648","E",90,44261,44351,0,44351,2004
"649","E",4000,300,4300,0,4300,2004
"650","E",6369,700,7069,6000,13069,2004
"651","E",8000,300,8300,2000,10300,2004
"652","E",11000,11700,22700,0,22700,2004
"653","T",0,10700,10700,0,10700,2004
"654","T",2000,1000,3000,0,3000,2004
"655","E",7000,0,7000,0,7000,2004
"656","E",8516,3600,12116,0,12116,2004
"657","E",0,35000,35000,0,35000,2004
"658","T",0,1000,1000,0,1000,2004
"659","T",0,1000,1000,1000,2000,2004
"660","T",0,11000,11000,0,11000,2004
"661","E",4000,55000,59000,0,59000,2004
"662","E",15000,2000,17000,0,17000,2004
"663","E",158000,62000,220000,250,220250,2004
"664","E",5300,8100,13400,400,13800,2004
"665","T",6000,14000,20000,0,20000,2004
"666","E",0,28400,28400,2000,30400,2004
"667","E",10000,32916,42916,10500,53416,2004
"668","E",32000,250,32250,24000,56250,2004
"669","T",9165,7700,16865,500,17365,2004
"670","T",5200,4100,9300,400,9700,2004
"671","E",5800,17100,22900,0,22900,2004
"672","E",23000,2310,25310,0,25310,2004
"673","E",500,16000,16500,0,16500,2004
"674","T",76155,75172,151327,29100,180427,2004
"675","E",0,21900,21900,0,21900,2004
"676","T",90,0,90,0,NA,2004
"677","E",227,2601,2828,500,3328,2004
"678","E",51100,71720,122820,8500,131320,2004
"679","E",596,200,796,0,NA,2004
"680","E",1183,0,1183,0,1183,2004
"681","T",619080,2900,621980,0,621980,2004
"682","E",32148,21500,53648,2300,55948,2004
"683","T",3000,0,3000,0,3000,2004
"684","E",2500,0,2500,0,2500,2004
"685","E",4937,0,4937,0,4937,2004
"686","E",0,16725,16725,0,16725,2004
"687","T",596,1100,1696,1000,2696,2004
"688","E",8000,6000,14000,0,14000,2004
"689","E",499,0,499,0,NA,2004
"690","E",132000,79700,211700,9450,221150,2004
"691","E",6123,0,6123,0,6123,2004
"692","T",6000,0,6000,0,6000,2004
"693","E",117000,66254,183254,5400,188654,2004
"694","E",151100,6250,157350,0,157350,2004
"695","T",0,1000,1000,0,1000,2004
"696","E",23867,0,23867,0,23867,2004
"697","T",7100,1600,8700,0,8700,2004
"698","T",18300,1020,19320,150,19470,2004
"699","T",2300,9600,11900,0,11900,2004
"700","T",0,766,766,0,NA,2004
"701","E",138086,26500,164586,0,164586,2004
"702","E",60000,26600,86600,2500,89100,2004
"703","E",84961,10800,95761,0,95761,2004
"704","E",7000,0,7000,0,7000,2004
"705","E",6000,70620,76620,500,77120,2004
"706","T",0,1000,1000,0,1000,2004
"707","T",0,1000,1000,0,1000,2004
"708","T",0,3252,3252,0,3252,2004
"709","T",0,1000,1000,0,1000,2004
"710","T",0,1000,1000,0,1000,2004
"711","T",0,1725,1725,0,1725,2004
"712","E",3500,0,3500,0,3500,2004
"713","E",0,17000,17000,0,17000,2004
"714","T",16631,18000,34631,0,34631,2004
"715","E",0,5994,5994,0,5994,2004
"716","E",0,5376,5376,0,5376,2004
"717","E",0,1900,1900,0,1900,2004
"718","T",6000,1500,7500,0,7500,2004
"719","T",13135,20572,33707,550,34257,2004
"720","E",8000,0,8000,500,8500,2004
"721","E",100,0,100,3000,3100,2004
"722","E",0,3252,3252,0,3252,2004
"723","E",400847,26593,427440,0,427440,2004
"724","E",3435,0,3435,4400,7835,2004
"725","E",133,4000,4133,900,5033,2004
"726","E",6500,0,6500,12300,18800,2004
"727","E",0,11857,11857,0,11857,2004
"728","E",13062,15750,28812,0,28812,2004
"729","E",1000,0,1000,0,1000,2004
"730","T",5000,0,5000,0,5000,2004
"731","T",2500,200,2700,0,2700,2004
"732","E",38700,3000,41700,2400,44100,2004
"733","T",9500,2000,11500,2000,13500,2004
"734","E",123,0,123,0,NA,2004
"735","E",19786,13000,32786,0,32786,2004
"736","T",1500,0,1500,1500,3000,2004
"737","E",1000,0,1000,0,1000,2004
"738","T",8071,0,8071,0,8071,2004
"739","E",0,3000,3000,0,3000,2004
"740","E",8071,1000,9071,0,9071,2004
"741","E",1600,1070,2670,1000,3670,2004
"742","E",17800,2000,19800,0,19800,2004
"743","T",9000,0,9000,0,9000,2004
"744","E",5505,58872,64377,500,64877,2004
"745","E",161,0,161,100,NA,2004
"746","E",135,0,135,300,NA,2004
"747","E",133,3600,3733,100,3833,2004
"748","E",141,0,141,500,NA,2004
"749","E",141,4650,4791,100,4891,2004
"750","E",3433,0,3433,2900,6333,2004
"751","E",8282,0,8282,1100,9382,2004
"752","E",261,0,261,9700,9961,2004
"753","E",141,500,641,100,NA,2004
"754","E",547,33400,33947,500,34447,2004
"755","E",547,58872,59419,500,59919,2004
"756","E",141,0,141,500,NA,2004
"757","E",4986,0,4986,500,5486,2004
"758","E",133,0,133,100,NA,2004
"759","E",133,0,133,100,NA,2004
"760","E",133,0,133,100,NA,2004
"761","E",3433,0,3433,2100,5533,2004
"762","E",3343,0,3343,600,3943,2004
"763","E",141,0,141,500,NA,2004
"764","T",133,0,133,100,NA,2004
"765","E",133,0,133,100,NA,2004
"766","E",1595,20793,22388,600,22988,2004
"767","E",3843,33400,37243,2600,39843,2004
"768","E",261,8622,8883,2600,11483,2004
"769","E",4993,73722,78715,1100,79815,2004
"770","E",144,0,144,2600,2744,2004
"771","E",3430,0,3430,100,3530,2004
"772","E",289,43000,43289,2900,46189,2004
"773","E",100,0,100,0,NA,2004
"774","E",8200,77282,85482,13200,98682,2004
"775","E",171,3000,3171,300,3471,2004
"776","E",325,5000,5325,1400,6725,2004
"777","E",161,0,161,100,NA,2004
"778","E",137,0,137,1100,1237,2004
"779","E",5396,72800,78196,500,78696,2004
"780","E",135,0,135,800,NA,2004
"781","T",133,0,133,100,NA,2004
"782","E",133,0,133,100,NA,2004
"783","E",137,0,137,2600,2737,2004
"784","E",547,25472,26019,500,26519,2004
"785","E",1557,0,1557,300,1857,2004
"786","E",560,33400,33960,500,34460,2004
"787","T",2300,7036,9336,2000,11336,2004
"788","T",1500,0,1500,0,1500,2004
"789","E",824,0,824,1100,1924,2004
"790","E",161,0,161,100,NA,2004
"791","E",161,0,161,1100,1261,2004
"792","E",1000,0,1000,0,1000,2004
"793","E",135,0,135,300,NA,2004
"794","E",1000,0,1000,0,1000,2004
"795","E",3731,22649,26380,300,26680,2004
"796","T",16786,80071,96857,4500,101357,2004
"797","E",2200,0,2200,3000,5200,2004
"798","E",0,0,0,7000,7000,2004
"799","E",133,0,133,1100,1233,2004
"800","E",18000,0,18000,0,18000,2004
"801","T",9800,1880,11680,1000,12680,2004
"802","E",16400,8300,24700,0,24700,2004
"803","E",139,24076,24215,300,24515,2004
"804","E",2500,0,2500,0,2500,2004
"805","E",6279,500,6779,0,6779,2004
"806","T",4800,5550,10350,800,11150,2004
"807","E",8801,25472,34273,2300,36573,2004
"808","E",175,0,175,100,NA,2004
"809","E",133,0,133,100,NA,2004
"810","E",161,0,161,100,NA,2004
"811","E",141,0,141,500,NA,2004
"812","E",5193,73722,78915,500,79415,2004
"813","E",161,0,161,1900,2061,2004
"814","E",5309,40000,45309,11300,56609,2004
"815","E",133,0,133,1100,1233,2004
"816","E",3735,27649,31384,700,32084,2004
"817","E",1661,21793,23454,1800,25254,2004
"818","E",141,0,141,500,NA,2004
"819","E",325,40000,40325,9400,49725,2004
"820","E",133,0,133,1100,1233,2004
"821","E",133,1000,1133,100,1233,2004
"822","E",133,0,133,1100,1233,2004
"823","E",141,0,141,1200,1341,2004
"824","E",559,33400,33959,500,34459,2004
"825","T",133,0,133,1100,1233,2004
"826","E",141,0,141,500,NA,2004
"827","E",133,6000,6133,100,6233,2004
"828","E",133,0,133,100,NA,2004
"829","E",72175,14959,87134,85700,172834,2004
"830","E",135,8171,8306,1700,10006,2004
"831","E",6392,104643,111035,1700,112735,2004
"832","E",136,0,136,1100,1236,2004
"833","E",5669,0,5669,300,5969,2004
"834","E",5085,84943,90028,100,90128,2004
"835","E",1000,2500,3500,0,3500,2004
"836","E",127000,6700,133700,3700,137400,2004
"837","T",107715,179895,287610,16200,303810,2004
"838","E",15531,0,15531,0,15531,2004
"839","E",161,12000,12161,100,12261,2004
"840","E",133,0,133,100,NA,2004
"841","E",6872,9961,16833,0,16833,2004
"842","E",30300,0,30300,0,30300,2004
"843","E",26000,0,26000,0,26000,2004
"844","E",4300,0,4300,0,4300,2004
"845","E",6656,20410,27066,0,27066,2004
"846","E",133,0,133,500,NA,2004
"847","E",13500,0,13500,1100,14600,2004
"848","E",114547,4617,119164,0,119164,2004
"849","T",1100,0,1100,1000,2100,2004
"850","E",42985,33000,75985,0,75985,2004
"851","E",6000,64492,70492,0,70492,2004
"852","E",8000,0,8000,3300,11300,2004
"853","E",137,0,137,100,NA,2004
"854","E",6505,650,7155,1100,8255,2004
"855","E",245,74193,74438,100,74538,2004
"856","E",141,0,141,500,NA,2004
"857","E",133,0,133,100,NA,2004
"858","E",175,0,175,100,NA,2004
"859","E",171,0,171,3300,3471,2004
"860","E",161,0,161,1100,1261,2004
"861","E",4140,7546,11686,0,11686,2004
"862","T",156651,118817,275468,600,276068,2004
"863","E",5151,0,5151,0,5151,2004
"864","E",100,0,100,3000,3100,2004
"865","E",5873,108952,114825,500,115325,2004
"866","T",206,3000,3206,1100,4306,2004
"867","E",0,3252,3252,0,3252,2004
"868","E",6831,10000,16831,0,16831,2004
"869","E",44500,0,44500,2000,46500,2004
"870","T",1000,0,1000,0,1000,2004
"871","E",4000,0,4000,2200,6200,2004
"872","E",0,5376,5376,0,5376,2004
"873","T",1170,900,2070,0,2070,2004
"874","T",13800,4000,17800,0,17800,2004
"875","T",553,0,553,0,NA,2004
"876","E",1044,2410,3454,0,3454,2004
"877","E",0,4500,4500,0,4500,2004
"878","E",133,0,133,100,NA,2004
"879","E",5228,14959,20187,3700,23887,2004
"880","E",133,0,133,100,NA,2004
"881","E",137,56801,56938,100,57038,2004
"882","E",7640,62000,69640,0,69640,2004
"883","E",37985,65000,102985,0,102985,2004
"884","E",4000,346,4346,0,4346,2004
"885","E",5614,101793,107407,5600,113007,2004
"886","E",90,0,90,0,NA,2004
"887","E",90,42261,42351,0,42351,2004
"888","E",7394,333,7727,300,8027,2004
"889","E",239941,1000,240941,0,240941,2004
"890","E",468,0,468,0,NA,2004
"891","T",100,200,300,0,NA,2004
"892","T",84235,5000,89235,0,89235,2004
"893","T",2100,0,2100,0,2100,2004
"894","E",19000,25000,44000,0,44000,2004
"895","E",14000,0,14000,200,14200,2004
"896","E",113820,30100,143920,0,143920,2004
"897","E",100,1000,1100,0,1100,2004
"898","E",880,3000,3880,0,3880,2004
"899","T",149717,920000,1069717,0,1069717,2004
"900","E",18000,4000,22000,0,22000,2004
"901","E",17000,25000,42000,0,42000,2004
"902","E",0,1000,1000,0,1000,2004
"903","E",62451,0,62451,0,62451,2004
"904","E",38100,0,38100,0,38100,2004
"905","T",36400,13854,50254,4160,54414,2004
"906","T",100,16000,16100,300,16400,2004
"907","E",100,0,100,3000,3100,2004
"908","E",1100,127400,128500,0,128500,2004
"909","E",2100,0,2100,3000,5100,2004
"910","E",3000,804,3804,0,3804,2004
"911","T",59000,200,59200,6100,65300,2004
"912","E",0,21900,21900,0,21900,2004
"913","E",11040,500,11540,0,11540,2004
"914","E",11000,0,11000,7000,18000,2004
"915","T",880,0,880,0,NA,2004
"916","E",0,266,266,0,NA,2004
"917","E",161,0,161,100,NA,2004
"918","E",559,58872,59431,1400,60831,2004
"919","E",139,2501,2640,500,3140,2004
"920","E",1579,0,1579,0,1579,2004
"921","E",2079,0,2079,0,2079,2004
"922","T",35006,69261,104267,0,104267,2004
"923","E",5191,73722,78913,100,79013,2004
"924","E",133,0,133,1100,1233,2004
"925","E",161,0,161,100,NA,2004
"926","E",133,0,133,100,NA,2004
"927","E",133,0,133,1100,1233,2004
"928","E",133,0,133,100,NA,2004
"929","E",137,0,137,100,NA,2004
"930","E",133,0,133,1100,1233,2004
"931","E",4986,73722,78708,100,78808,2004
"932","E",133,0,133,1100,1233,2004
"933","E",547,41700,42247,1100,43347,2004
"934","E",141,0,141,900,1041,2004
"935","E",547,3264,3811,1100,4911,2004
"936","E",135,0,135,100,NA,2004
"937","E",8487,73722,82209,1100,83309,2004
"938","E",5505,25472,30977,1100,32077,2004
"939","E",161,0,161,1100,1261,2004
"940","E",141,0,141,100,NA,2004
"941","E",500,0,500,0,NA,2004
"942","E",1000,0,1000,0,1000,2004
"943","E",5309,91081,96390,1700,98090,2004
"944","E",2000,500,2500,0,2500,2004
"945","E",32000,0,32000,0,32000,2004
"946","E",500,0,500,0,NA,2004
"947","E",133,0,133,1100,1233,2004
"948","E",2000,0,2000,0,2000,2004
"949","E",500,0,500,0,NA,2004
"950","E",3854,33400,37254,1100,38354,2004
"951","E",1000,0,1000,0,1000,2004
"952","E",161,0,161,1900,2061,2004
"953","E",192,0,192,600,NA,2004
"954","E",500,0,500,0,NA,2004
"955","E",141,0,141,100,NA,2004
"956","T",12100,3125,15225,10600,25825,2004
"957","T",500,0,500,0,NA,2004
"958","E",133,0,133,100,NA,2004
"959","E",137,0,137,1100,1237,2004
"960","E",8383,0,8383,4700,13083,2004
"961","E",5191,72800,77991,100,78091,2004
"962","E",4986,73722,78708,100,78808,2004
"963","E",656,58872,59528,1400,60928,2004
"964","E",8390,0,8390,2000,10390,2004
"965","E",133,0,133,100,NA,2004
"966","E",1000,0,1000,0,1000,2004
"967","E",1500,0,1500,0,1500,2004
"968","E",1500,0,1500,0,1500,2004
"969","E",3731,0,3731,600,4331,2004
"970","E",547,25472,26019,500,26519,2004
"971","E",3433,0,3433,2300,5733,2004
"972","E",137,76694,76831,1100,77931,2004
"973","E",137,25000,25137,1400,26537,2004
"974","E",500,0,500,0,NA,2004
"975","E",137,0,137,100,NA,2004
"976","E",141,0,141,100,NA,2004
"977","E",141,0,141,500,NA,2004
"978","E",135,0,135,300,NA,2004
"979","E",4986,0,4986,300,5286,2004
"980","E",2000,0,2000,0,2000,2004
"981","E",2000,0,2000,0,2000,2004
"982","E",133,0,133,1100,1233,2004
"983","E",1000,0,1000,0,1000,2004
"984","E",5193,147344,152537,100,152637,2004
"985","E",4101,25649,29750,3600,33350,2004
"986","E",133,0,133,100,NA,2004
"987","E",50423,0,50423,0,50423,2004
"988","E",50423,0,50423,0,50423,2004
"989","E",133,0,133,100,NA,2004
"990","E",5505,58872,64377,500,64877,2004
"991","E",8692,0,8692,2300,10992,2004
"992","E",161,0,161,100,NA,2004
"993","E",141,0,141,500,NA,2004
"994","E",566,25472,26038,2000,28038,2004
"995","E",3435,0,3435,3500,6935,2004
"996","E",225,6171,6396,1800,8196,2004
"997","E",161,0,161,100,NA,2004
"998","E",1505,0,1505,300,1805,2004
"999","E",161,0,161,100,NA,2004
"1000","E",852,350,1202,100,1302,2004
"1001","E",133,0,133,100,NA,2004
"1002","E",133,0,133,1100,1233,2004
"1003","E",133,0,133,1100,1233,2004
"1004","E",5191,74193,79384,100,79484,2004
"1005","E",547,58400,58947,1400,60347,2004
"1006","E",133,3600,3733,100,3833,2004
"1007","E",161,0,161,100,NA,2004
"1008","E",5563,74193,79756,100,79856,2004
"1009","E",8905,0,8905,2300,11205,2004
"1010","E",161,0,161,1100,1261,2004
"1011","E",133,0,133,100,NA,2004
"1012","E",133,0,133,1100,1233,2004
"1013","E",8508,73722,82230,2100,84330,2004
"1014","E",133,0,133,100,NA,2004
"1015","E",133,0,133,100,NA,2004
"1016","T",133,0,133,100,NA,2004
"1017","E",133,0,133,100,NA,2004
"1018","T",2500,0,2500,0,2500,2004
"1019","E",141,0,141,500,NA,2004
"1020","T",3731,22649,26380,300,26680,2004
"1021","E",3814,96371,100185,600,100785,2004
"1022","E",137,0,137,2000,2137,2004
"1023","E",8751,96371,105122,300,105422,2004
"1024","E",3731,20000,23731,300,24031,2004
"1025","E",141,0,141,100,NA,2004
"1026","E",3341,0,3341,100,3441,2004
"1027","E",3433,0,3433,1100,4533,2004
"1028","E",1000,0,1000,0,1000,2004
"1029","E",3731,27149,30880,700,31580,2004
"1030","E",245,74644,74889,100,74989,2004
"1031","E",3430,3571,7001,1100,8101,2004
"1032","E",141,0,141,500,NA,2004
"1033","T",133,0,133,100,NA,2004
"1034","E",137,0,137,500,NA,2004
"1035","E",1500,0,1500,0,1500,2004
"1036","E",3735,0,3735,300,4035,2004
"1037","E",133,0,133,100,NA,2004
"1038","E",141,0,141,100,NA,2004
"1039","E",547,33400,33947,500,34447,2004
"1040","E",161,0,161,100,NA,2004
"1041","E",133,1200,1333,100,1433,2004
"1042","T",0,0,0,100,NA,2004
"1043","E",161,0,161,100,NA,2004
"1044","E",8908,74193,83101,1400,84501,2004
"1045","E",139,4751,4890,1500,6390,2004
"1046","E",362,0,362,100,NA,2004
"1047","E",20407,0,20407,0,20407,2004
"1048","E",3433,25472,28905,1100,30005,2004
"1049","T",99600,10290,109890,32230,142120,2004
"1050","T",168125,108114,276239,16400,292639,2004
"1051","E",90,44261,44351,0,44351,2004
"1052","E",2079,3250,5329,0,5329,2004
"1053","E",3079,1000,4079,0,4079,2004
"1054","T",2079,1100,3179,11000,14179,2004
"1055","T",161937,4900,166837,0,166837,2004
"1056","T",2079,2000,4079,19000,23079,2004
"1057","E",0,266,266,0,NA,2004
"1058","T",0,266,266,0,NA,2004
"1059","T",251441,2050,253491,4000,257491,2004
"1060","E",0,9807,9807,0,9807,2004
"1061","E",3500,0,3500,0,3500,2004
"1062","E",1500,0,1500,0,1500,2004
"1063","E",3000,0,3000,0,3000,2004
"1064","E",1000,0,1000,0,1000,2004
"1065","E",21500,0,21500,0,21500,2004
"1066","E",133,0,133,0,NA,2004
"1067","E",663,99193,99856,100,99956,2004
"1068","E",137,19076,19213,100,19313,2004
"1069","E",800,0,800,3500,4300,2004
"1070","E",700,0,700,4000,4700,2004
"1071","E",0,0,0,3500,3500,2004
"1072","E",3000,0,3000,0,3000,2004
"1073","E",0,20000,20000,0,20000,2004
"1074","E",25855,43400,69255,1000,70255,2004
"1075","E",90,27000,27090,0,27090,2004
"1076","E",1380,1000,2380,0,2380,2004
"1077","E",1000,0,1000,0,1000,2004
"1078","E",3400,1500,4900,0,4900,2004
"1079","E",0,9557,9557,0,9557,2004
"1080","E",1137,2000,3137,0,3137,2004
"1081","E",40000,52300,92300,5700,98000,2004
"1082","E",95027,0,95027,5000,100027,2004
"1083","T",2500,15000,17500,0,17500,2004
"1084","E",141,0,141,100,NA,2004
"1085","T",18900,5450,24350,8000,32350,2004
"1086","E",1500,1310,2810,0,2810,2004
"1087","E",43000,18500,61500,0,61500,2004
"1088","E",0,500,500,1000,1500,2004
"1089","E",16000,0,16000,0,16000,2004
"1090","E",35000,1920,36920,0,36920,2004
"1091","E",14600,0,14600,3000,17600,2004
"1092","E",3000,0,3000,3000,6000,2004
"1093","T",32500,74522,107022,500,107522,2004
"1094","E",800,0,800,4000,4800,2004
"1095","E",38100,0,38100,0,38100,2004
"1096","E",3450,0,3450,0,3450,2004
"1097","E",9500,811915,821415,5700,827115,2004
"1098","E",2000,0,2000,0,2000,2004
"1099","E",26336,161000,187336,0,187336,2004
"1100","E",3767,22649,26416,1000,27416,2004
"1101","E",53700,1000,54700,0,54700,2004
"1102","E",15000,18080,33080,0,33080,2004
"1103","T",33000,46070,79070,2500,81570,2004
"1104","E",499,0,499,0,NA,2004
"1105","E",3821,27149,30970,300,31270,2004
"1106","E",157400,18040,175440,0,175440,2004
"1107","E",22500,0,22500,17500,40000,2004
"1108","E",2000,10259,12259,0,12259,2004
"1109","T",2000,100,2100,0,2100,2004
"1110","E",133,7500,7633,100,7733,2004
"1111","T",596,0,596,0,NA,2004
"1112","E",179,15501,15680,500,16180,2004
"1113","E",6500,0,6500,0,6500,2004
"1114","E",2300,4100,6400,800,7200,2004
"1115","T",2200,0,2200,800,3000,2004
"1116","E",2300,0,2300,0,2300,2004
"1117","E",141,0,141,500,NA,2004
"1118","E",2800,1000,3800,0,3800,2004
"1119","E",2200,0,2200,0,2200,2004
"1120","E",95500,450,95950,500,96450,2004
"1121","E",213,5000,5213,0,5213,2004
"1122","E",2000,7000,9000,1900,10900,2004
"1123","E",0,162576,162576,0,162576,2004
"1124","E",1000,0,1000,3500,4500,2004
"1125","T",18800,8163,26963,0,26963,2004
"1126","E",0,0,0,6500,6500,2004
"1127","E",300,0,300,3500,3800,2004
"1128","T",13000,200,13200,0,13200,2004
"1129","E",7000,33416,40416,3000,43416,2004
"1130","T",0,3252,3252,0,3252,2004
"1131","E",91000,580,91580,0,91580,2004
"1132","E",5333,9759,15092,100,15192,2004
"1133","E",11000,0,11000,0,11000,2004
"1134","T",0,266,266,0,NA,2004
"1135","E",13600,9393,22993,0,22993,2004
"1136","E",5212,1800,7012,0,7012,2004
"1137","E",3476,30000,33476,1800,35276,2004
"1138","E",18706,0,18706,0,18706,2004
"1139","T",3500,150500,154000,0,154000,2004
"1140","E",3000,0,3000,0,3000,2004
"1141","T",9000,1500,10500,0,10500,2004
"1142","E",300681,51171,351852,8300,360152,2004
"1143","T",1900,4000,5900,0,5900,2004
"1144","T",5500,39000,44500,0,44500,2004
"1145","E",2200,0,2200,3000,5200,2004
"1146","T",11000,0,11000,21000,32000,2004
"1147","E",5000,1500,6500,15500,22000,2004
"1148","E",2370,7000,9370,0,9370,2004
"1149","T",11656,36550,48206,0,48206,2004
"1150","E",7749,5376,13125,0,13125,2004
"1151","E",46721,5775,52496,0,52496,2004
"1152","E",0,17766,17766,0,17766,2004
"1153","E",354,3773,4127,0,4127,2004
"1154","T",38500,30771,69271,4350,73621,2004
"1155","E",38100,3996,42096,0,42096,2004
"1156","T",2000,0,2000,0,2000,2004
"1157","T",2079,3350,5429,0,5429,2004
"1158","T",8000,2000,10000,0,10000,2004
"1159","E",16767,6800,23567,1400,24967,2004
"1160","E",2079,0,2079,0,2079,2004
"1161","E",8200,81846,90046,0,90046,2004
"1162","E",686,0,686,0,NA,2004
"1163","T",686,0,686,0,NA,2004
"1164","T",42500,81033,123533,0,123533,2004
"1165","T",154000,27650,181650,0,181650,2004
"1166","E",20500,32896,53396,5000,58396,2004
"1167","E",1196,23500,24696,0,24696,2004
"1168","T",23252,10000,33252,0,33252,2004
"1169","T",10302,11000,21302,0,21302,2004
"1170","E",5520,40400,45920,0,45920,2004
"1171","E",90341,0,90341,0,90341,2004
"1172","E",2079,0,2079,0,2079,2004
"1173","T",22400,6598,28998,1000,29998,2004
"1174","T",15000,0,15000,0,15000,2004
"1175","E",35318,0,35318,0,35318,2004
"1176","T",180,5376,5556,0,5556,2004
"1177","T",2000,21900,23900,400,24300,2004
"1178","E",1700,3000,4700,1900,6600,2004
"1179","E",9500,21870,31370,1500,32870,2004
"1180","E",2079,1000,3079,0,3079,2004
"1181","T",2074,1600,3674,0,3674,2004
"1182","E",357,30922,31279,11800,43079,2004
"1183","E",3000,0,3000,0,3000,2004
"1184","T",596,1100,1696,0,1696,2004
"1185","E",171,14793,14964,900,15864,2004
"1186","E",161,0,161,1100,1261,2004
"1187","E",4140,0,4140,0,4140,2004
"1188","E",18244,2000,20244,0,20244,2004
"1189","E",3000,0,3000,0,3000,2004
"1190","E",600,0,600,0,NA,2004
"1191","T",800,0,800,0,NA,2004
"1192","E",28000,108000,136000,0,136000,2004
"1193","E",5151,1200,6351,0,6351,2004
"1194","T",3500,310,3810,3000,6810,2004
"1195","E",106,4000,4106,0,4106,2004
"1196","T",6000,15000,21000,0,21000,2004
"1197","E",395000,3660,398660,19000,417660,2004
"1198","E",0,10000,10000,0,10000,2004
"1199","E",2300,15000,17300,3000,20300,2004
"1200","T",8270,21500,29770,0,29770,2004
"1201","E",0,31000,31000,0,31000,2004
"1202","E",7431,26000,33431,0,33431,2004
"1203","T",17437,9000,26437,0,26437,2004
"1204","E",0,2000,2000,0,2000,2004
"1205","E",29100,0,29100,28000,57100,2004
"1206","T",133,2450,2583,100,2683,2004
"1207","E",6678,0,6678,8300,14978,2004
"1208","E",5113,0,5113,3000,8113,2004
"1209","E",379,42000,42379,1400,43779,2004
"1210","E",161,0,161,100,NA,2004
"1211","E",5688,75301,80989,1100,82089,2004
"1212","E",137,0,137,1100,1237,2004
"1213","E",5191,0,5191,1100,6291,2004
"1214","E",137,0,137,100,NA,2004
"1215","E",559,33400,33959,500,34459,2004
"1216","E",5153,73722,78875,2500,81375,2004
"1217","E",29863,0,29863,500,30363,2004
"1218","E",619,99193,99812,1100,100912,2004
"1219","E",171,0,171,800,NA,2004
"1220","E",133,2000,2133,100,2233,2004
"1221","E",135,0,135,300,NA,2004
"1222","E",1559,12171,13730,7200,20930,2004
"1223","E",141,0,141,500,NA,2004
"1224","E",141,0,141,500,NA,2004
"1225","E",171,500,671,800,1471,2004
"1226","E",1595,6000,7595,300,7895,2004
"1227","E",133,3750,3883,100,3983,2004
"1228","E",547,100572,101119,1400,102519,2004
"1229","T",997,0,997,0,NA,2004
"1230","E",1380,0,1380,0,1380,2004
"1231","E",1500,13310,14810,0,14810,2004
"1232","E",139,0,139,3800,3939,2004
"1233","T",100,0,100,0,NA,2004
"1234","E",91000,0,91000,0,91000,2004
"1235","T",1800,670,2470,0,2470,2004
"1236","E",1000,0,1000,0,1000,2004
"1237","E",153,0,153,700,NA,2004
"1238","E",137,18000,18137,500,18637,2004
"1239","E",500,0,500,0,NA,2004
"1240","E",3821,28783,32604,0,32604,2004
"1241","E",5573,99193,104766,0,104766,2004
"1242","E",161,0,161,0,NA,2004
"1243","E",137,0,137,0,NA,2004
"1244","E",5092,0,5092,300,5392,2004
"1245","E",1500,0,1500,0,1500,2004
"1246","E",500,0,500,0,NA,2004
"1247","E",559,58872,59431,400,59831,2004
"1248","E",500,0,500,0,NA,2004
"1249","E",500,0,500,0,NA,2004
"1250","E",500,0,500,0,NA,2004
"1251","E",500,0,500,0,NA,2004
"1252","E",245,73722,73967,0,73967,2004
"1253","E",0,0,0,500,NA,2004
"1254","E",24200,75300,99500,1500,101000,2004
"1255","E",300,0,300,500,NA,2004
"1256","E",135,5650,5785,300,6085,2004
"1257","E",3855,33872,37727,1400,39127,2004
"1258","E",226510,1256297,1482807,37060,1519867,2005
"1259","E",233139,324958,558097,0,558097,2005
"1260","E",1266216,12637615,13903831,203291,14107122,2005
"1261","E",50000,409700,459700,16000,475700,2005
"1262","E",964,0,964,0,964,2005
"1263","T",94744,1635000,1729744,0,1729744,2005
"1264","E",7500,84800,92300,5195,97495,2005
"1265","E",69500,3800,73300,11400,84700,2005
"1266","E",35500,234090,269590,7751,277341,2005
"1267","SAT",21500,35000,56500,22655,79155,2005
"1268","T",522329,3422075,3944404,1265027,5209431,2005
"1269","EXPN",74113,66300,140413,0,140413,2005
"1270","T",440500,1556627,1997127,30113,2027240,2005
"1271","E",93103,22515,115618,5000,120618,2005
"1272","E",352372,180947,533319,7050,540369,2005
"1273","E",162000,7500,169500,0,169500,2005
"1274","E",9000,791246,800246,620552,1420798,2005
"1275","EXPN",591961,1748787,2340748,112441,2453189,2005
"1276","E",275477,1680500,1955977,12000,1967977,2005
"1277","E",61413,375000,436413,0,436413,2005
"1278","E",61413,0,61413,0,61413,2005
"1279","E",61413,1e+05,161413,4000,165413,2005
"1280","E",59313,375000,434313,0,434313,2005
"1281","E",15000,46394,61394,10000,71394,2005
"1282","E",45100,37440,82540,4300,86840,2005
"1283","E",8720,160300,169020,1000,170020,2005
"1284","E",26756,108700,135456,12000,147456,2005
"1285","E",1675,2500,4175,500,4675,2005
"1286","E",17400,217000,234400,2000,236400,2005
"1287","E",20615,66442,87057,4000,91057,2005
"1288","E",50822,138800,189622,30000,219622,2005
"1289","T",657592,1311490,1969082,826939,2796021,2005
"1290","E",2098000,2451646,4549646,4570,4554216,2005
"1291","E",97739,54000,151739,7500,159239,2005
"1292","E",1078500,10800,1089300,0,1089300,2005
"1293","E",38100,4246,42346,0,42346,2005
"1294","E",139000,20546,159546,0,159546,2005
"1295","E",11500,2100,13600,0,13600,2005
"1296","E",362260,31846,394106,2000,396106,2005
"1297","E",254500,36646,291146,0,291146,2005
"1298","T",351770,424424,776194,10317,786511,2005
"1299","E",86154,150904,237058,45000,282058,2005
"1300","T",58000,7548,65548,0,65548,2005
"1301","E",265500,17000,282500,0,282500,2005
"1302","E",92500,42840,135340,8195,143535,2005
"1303","T",783711,0,783711,0,783711,2005
"1304","EXPN",13699,300,13999,75000,88999,2005
"1305","T",347265,566960,914225,0,914225,2005
"1306","E",444000,916106,1360106,0,1360106,2005
"1307","T",85000,295000,380000,0,380000,2005
"1308","E",78000,851215,929215,207000,1136215,2005
"1309","E",1375,30284,31659,1690,33349,2005
"1310","SAT",0,100,100,0,100,2005
"1311","E",65000,2850,67850,0,67850,2005
"1312","E",314894,496822,811716,86000,897716,2005
"1313","E",27805,538000,565805,10000,575805,2005
"1314","E",12400,2100,14500,0,14500,2005
"1315","T",0,7488259,7488259,35700,7523959,2005
"1316","E",0,25255709,25255709,560,25256269,2005
"1317","T",0,566,566,0,566,2005
"1318","E",140,2265914,2266054,0,2266054,2005
"1319","E",200020,329174,529194,1e+05,629194,2005
"1320","E",371056,5700,376756,75000,451756,2005
"1321","E",54209,86000,140209,500,140709,2005
"1322","E",4500,86500,91000,4200,95200,2005
"1323","EXPN",0,1500,1500,0,1500,2005
"1324","E",165549,172522,338071,34750,372821,2005
"1325","E",89000,184000,273000,12000,285000,2005
"1326","T",210610,6470,217080,14800,231880,2005
"1327","E",82000,0,82000,20042,102042,2005
"1328","E",39425,3000,42425,0,42425,2005
"1329","E",30000,4200,34200,0,34200,2005
"1330","E",7000,7000,14000,0,14000,2005
"1331","E",0,47356,47356,37917,85273,2005
"1332","E",0,1356735,1356735,0,1356735,2005
"1333","E",200,51698,51898,38417,90315,2005
"1334","E",0,2602889,2602889,40417,2643306,2005
"1335","E",200,12770151,12770351,46417,12816768,2005
"1336","E",0,47956,47956,37917,85873,2005
"1337","E",5200,2434756,2439956,37917,2477873,2005
"1338","E",332030,2010314,2342344,469886,2812230,2005
"1339","EXPN",1363031,303927,1666958,126572,1793530,2005
"1340","T",124900,163875,288775,7473,296248,2005
"1341","EXPN",1315600,15100,1330700,143611,1474311,2005
"1342","E",458800,2400,461200,645,461845,2005
"1343","EXPN",593000,1100,594100,0,594100,2005
"1344","E",128000,19800,147800,0,147800,2005
"1345","E",12045,72000,84045,1000,85045,2005
"1346","E",241429,1177602,1419031,0,1419031,2005
"1347","E",66836,2000,68836,0,68836,2005
"1348","E",1750,0,1750,0,1750,2005
"1349","E",238450,127500,365950,0,365950,2005
"1350","E",997965,9240,1007205,0,1007205,2005
"1351","E",169000,0,169000,48800,217800,2005
"1352","E",16000,0,16000,500,16500,2005
"1353","T",41500,191800,233300,0,233300,2005
"1354","EXPN",67260,45150,112410,0,112410,2005
"1355","E",68771,442218,510989,222000,732989,2005
"1356","E",43495,431258,474753,0,474753,2005
"1357","E",472000,64962,536962,0,536962,2005
"1358","EXPN",434900,2400,437300,1345,438645,2005
"1359","E",61500,1517687,1579187,18298,1597485,2005
"1360","EXPN",229776,1279,231055,0,231055,2005
"1361","E",229416,137184,366600,0,366600,2005
"1362","E",241429,1177602,1419031,0,1419031,2005
"1363","E",66836,2000,68836,0,68836,2005
"1364","E",1750,0,1750,0,1750,2005
"1365","E",238450,127500,365950,0,365950,2005
"1366","E",997965,9240,1007205,0,1007205,2005
"1367","E",169000,0,169000,48800,217800,2005
"1368","E",16000,0,16000,500,16500,2005
"1369","T",41500,191800,233300,0,233300,2005
"1370","EXPN",67260,45150,112410,0,112410,2005
"1371","E",68771,442218,510989,222000,732989,2005
"1372","E",43495,431258,474753,0,474753,2005
"1373","E",472000,64962,536962,0,536962,2005
"1374","EXPN",434900,2400,437300,1345,438645,2005
"1375","E",61500,1517687,1579187,18298,1597485,2005
"1376","EXPN",229776,1279,231055,0,231055,2005
"1377","E",229416,137184,366600,0,366600,2005
"1378","E",1750,0,1750,0,1750,2005
"1379","E",118140,0,118140,0,118140,2005
"1380","E",561772,9808,571580,0,571580,2005
"1381","E",301716,1852476,2154192,0,2154192,2005
"1382","E",500,0,500,0,500,2005
"1383","E",0,1100,1100,4300,5400,2005
"1384","E",40041,389976,430017,0,430017,2005
"1385","E",77903,107017,184920,0,184920,2005
"1386","T",3771556,8605926,12377482,1084846,13462328,2005
"1387","T",733041,427691,1160732,0,1160732,2005
"1388","",NA,NA,NA,NA,NA,2005
"1389","E",131790,19000,150790,0,150790,2005
"1390","E",38500,451038,489538,5790,495328,2005
"1391","E",1400,200,1600,0,1600,2005
"1392","E",1400,0,1400,0,1400,2005
"1393","E",979787,11929206,12908993,71507,12980500,2005
"1394","T",1356305,334742,1691047,4000,1695047,2005
"1395","E",166419,364305,530724,0,530724,2005
"1396","E",247441,74280,321721,0,321721,2005
"1397","E",30500,0,30500,0,30500,2005
"1398","E",26500,0,26500,0,26500,2005
"1399","E",74995,2000,76995,0,76995,2005
"1400","T",716500,652856,1369356,0,1369356,2005
"1401","E",78779,95900,174679,0,174679,2005
"1402","E",135500,386409,521909,0,521909,2005
"1403","E",3990,0,3990,0,3990,2005
"1404","E",1400,0,1400,0,1400,2005
"1405","E",23488,352591,376079,0,376079,2005
"1406","E",3929,20000,23929,0,23929,2005
"1407","T",851351,2530510,3381861,596930,3978791,2005
"1408","E",26000,0,26000,0,26000,2005
"1409","E",66836,2000,68836,0,68836,2005
"1410","T",248071,4972534,5220605,7396,5228001,2005
"1411","T",2310130,4358638,6668768,358560,7027328,2005
"1412","E",92558,3701606,3794164,0,3794164,2005
"1413","E",1126900,557000,1683900,187200,1871100,2005
"1414","E",84879,89000,173879,0,173879,2005
"1415","E",297479,254766,552245,10745,562990,2005
"1416","E",231141,285622,516763,0,516763,2005
"1417","E",38500,0,38500,0,38500,2005
"1418","E",171700,221646,393346,50790,444136,2005
"1419","T",895182,5804930,6700112,234130,6934242,2005
"1420","T",1074768,2755677,3830445,16133,3846578,2005
"1421","E",82871,2000,84871,0,84871,2005
"1422","E",43500,21540,65040,28258,93298,2005
"1423","E",183270,120800,304070,102000,406070,2005
"1424","E",71461,171822,243283,16000,259283,2005
"1425","E",271326,273600,544926,0,544926,2005
"1426","E",74967,139682,214649,20000,234649,2005
"1427","E",46310,149600,195910,16000,211910,2005
"1428","T",215226,4000,219226,0,219226,2005
"1429","E",21000,1786708,1807708,500,1808208,2005
"1430","E",51500,511123,562623,0,562623,2005
"1431","E",151000,171100,322100,0,322100,2005
"1432","T",0,156388,156388,500,156888,2005
"1433","E",92801,539168,631969,0,631969,2005
"1434","E",405500,639890,1045390,3780,1049170,2005
"1435","E",6685,1821000,1827685,0,1827685,2005
"1436","E",213315,1839972,2053287,20000,2073287,2005
"1437","E",311450,4729508,5040958,68270,5109228,2005
"1438","T",2500,201265,203765,200,203965,2005
"1439","E",20180,191563,211743,36670,248413,2005
"1440","E",1750,0,1750,0,1750,2005
"1441","E",2450,3000,5450,0,5450,2005
"1442","E",80598,0,80598,0,80598,2005
"1443","T",3850,2000,5850,1000,6850,2005
"1444","E",258000,1082560,1340560,56300,1396860,2005
"1445","E",593252,571062,1164314,3000,1167314,2005
"1446","E",1300,129400,130700,750,131450,2005
"1447","E",252000,953839,1205839,4300,1210139,2005
"1448","E",107800,533570,641370,175800,817170,2005
"1449","E",152530,0,152530,0,152530,2005
"1450","E",964,0,964,0,964,2005
"1451","E",170195,31200,201395,0,201395,2005
"1452","E",1183000,879655,2062655,28100,2090755,2005
"1453","E",2543828,9942757,12486585,242806,12729391,2005
"1454","E",11315,0,11315,0,11315,2005
"1455","E",1750,0,1750,0,1750,2005
"1456","SAT",1066202,29674,1095876,4100,1099976,2005
"1457","T",6000,0,6000,0,6000,2005
"1458","E",48000,0,48000,0,48000,2005
"1459","E",3500,3600,7100,0,7100,2005
"1460","E",133500,282409,415909,0,415909,2005
"1461","E",1400,0,1400,0,1400,2005
"1462","T",37000,0,37000,35700,72700,2005
"1463","E",78962,271800,350762,9000,359762,2005
"1464","T",2000,3000,5000,0,5000,2005
"1465","T",11110,37366,48476,0,48476,2005
"1466","E",9800,0,9800,0,9800,2005
"1467","E",4652,2821,7473,3000,10473,2005
"1468","T",16000,48000,64000,0,64000,2005
"1469","T",151468,3931784,4083252,1125,4084377,2005
"1470","E",211500,1241661,1453161,0,1453161,2005
"1471","E",229223,3143528,3372751,23360,3396111,2005
"1472","E",369000,5302913,5671913,9553,5681466,2005
"1473","E",281000,8735761,9016761,13225,9029986,2005
"1474","T",1057000,9188489,10245489,58000,10303489,2005
"1475","T",2500,2528184,2530684,0,2530684,2005
"1476","T",16500,400,16900,0,16900,2005
"1477","T",32500,39200,71700,0,71700,2005
"1478","T",700,2100,2800,0,2800,2005
"1479","T",282000,5410,287410,5642,293052,2005
"1480","T",68500,7988,76488,17800,94288,2005
"1481","T",193000,448840,641840,480,642320,2005
"1482","T",341037,1142754,1483791,6000,1489791,2005
"1483","T",18800,7953,26753,18000,44753,2005
"1484","E",143100,96500,239600,0,239600,2005
"1485","T",1941878,26360318,28302196,6500,28308696,2005
"1486","SAT",0,931469,931469,0,931469,2005
"1487","T",157500,1974600,2132100,0,2132100,2005
"1488","E",2900,4900,7800,0,7800,2005
"1489","SAT",5500,61294,66794,39550,106344,2005
"1490","T",270271,557795,828066,122595,950661,2005
"1491","T",2900,4200,7100,0,7100,2005
"1492","T",0,4650,4650,0,4650,2005
"1493","T",30500,10300,40800,0,40800,2005
"1494","T",153687,1800,155487,0,155487,2005
"1495","T",1500,0,1500,0,1500,2005
"1496","T",1438906,719496,2158402,8000,2166402,2005
"1497","T",213680,191200,404880,26523,431403,2005
"1498","E",61500,857100,918600,0,918600,2005
"1499","E",277035,337809,614844,5000,619844,2005
"1500","T",12500,0,12500,0,12500,2005
"1501","E",77371,127840,205211,7283,212494,2005
"1502","T",544770,318800,863570,0,863570,2005
"1503","E",221931,0,221931,1000,222931,2005
"1504","E",247806,11000,258806,0,258806,2005
"1505","T",8000,70000,78000,9859,87859,2005
"1506","E",90,0,90,0,NA,2005
"1507","T",110500,206005,316505,7100,323605,2005
"1508","T",2900,2400,5300,0,5300,2005
"1509","T",0,4660,4660,5493,10153,2005
"1510","E",60722,37000,97722,2000,99722,2005
"1511","E",0,100,100,800,900,2005
"1512","E",19000,6100,25100,10000,35100,2005
"1513","E",61494,1740,63234,5790,69024,2005
"1514","E",1172917,1388472,2561389,1000,2562389,2005
"1515","E",111000,46050,157050,16430,173480,2005
"1516","T",16000,0,16000,12000,28000,2005
"1517","E",108791,15438,124229,702,124931,2005
"1518","T",10000,0,10000,3000,13000,2005
"1519","E",12400,2100,14500,5307,19807,2005
"1520","T",61000,8100,69100,72500,141600,2005
"1521","E",493305,6061307,6554612,145761,6700373,2005
"1522","E",29510,21000,50510,600,51110,2005
"1523","T",4000,0,4000,3250,7250,2005
"1524","E",271296,7898999,8170295,128761,8299056,2005
"1525","T",17705,0,17705,7500,25205,2005
"1526","E",20720,89000,109720,0,109720,2005
"1527","E",167828,24000,191828,5500,197328,2005
"1528","E",5320,40500,45820,0,45820,2005
"1529","E",30352,0,30352,0,30352,2005
"1530","T",13281,1952,15233,500,15733,2005
"1531","T",3000,20000,23000,4000,27000,2005
"1532","EXPN",1000,0,1000,0,1000,2005
"1533","T",71254,10942,82196,5703,87899,2005
"1534","EXPN",14000,1500,15500,0,15500,2005
"1535","E",503662,16100,519762,4000,523762,2005
"1536","E",11000,8000,19000,3000,22000,2005
"1537","E",338480,649484,987964,0,987964,2005
"1538","E",17780,18816,36596,0,36596,2005
"1539","T",92281,42800,135081,0,135081,2005
"1540","E",16680,18000,34680,0,34680,2005
"1541","T",15000,46000,61000,0,61000,2005
"1542","T",17705,5000,22705,7510,30215,2005
"1543","E",9580,0,9580,0,9580,2005
"1544","E",2787,7528,10315,0,10315,2005
"1545","E",178180,2600,180780,0,180780,2005
"1546","E",57700,67800,125500,8000,133500,2005
"1547","T",0,1250,1250,0,1250,2005
"1548","E",7000,1900,8900,8969,17869,2005
"1549","EXPN",6500,1000,7500,1133,8633,2005
"1550","E",37300,7987,45287,1781,47068,2005
"1551","T",51500,150667,202167,4500,206667,2005
"1552","E",37754,18310,56064,1133,57197,2005
"1553","EXPN",22000,0,22000,0,22000,2005
"1554","E",45500,81600,127100,12250,139350,2005
"1555","E",252063,4140,256203,4300,260503,2005
"1556","T",7000,16700,23700,0,23700,2005
"1557","T",32300,8000,40300,0,40300,2005
"1558","T",33500,7440,40940,50000,90940,2005
"1559","E",24800,993752,1018552,0,1018552,2005
"1560","E",46500,14100,60600,0,60600,2005
"1561","T",10500,134237,144737,0,144737,2005
"1562","T",17000,14800,31800,0,31800,2005
"1563","E",2900,2100,5000,4100,9100,2005
"1564","E",3900,8100,12000,0,12000,2005
"1565","E",20972,40500,61472,4300,65772,2005
"1566","E",2000,0,2000,4300,6300,2005
"1567","E",16582,13500,30082,5865,35947,2005
"1568","E",0,580,580,4300,4880,2005
"1569","E",261797,340459,602256,5000,607256,2005
"1570","E",17900,7400,25300,11347,36647,2005
"1571","E",34143,366340,400483,17000,417483,2005
"1572","T",42684,167909,210593,4700,215293,2005
"1573","E",2400,2000,4400,1133,5533,2005
"1574","E",300,0,300,0,300,2005
"1575","E",16700,4800,21500,1133,22633,2005
"1576","EXPN",7500,0,7500,0,7500,2005
"1577","EXPN",1000,5327,6327,3000,9327,2005
"1578","EXPN",7500,800,8300,0,8300,2005
"1579","T",25825,1000,26825,8119,34944,2005
"1580","T",20000,0,20000,8476,28476,2005
"1581","T",105000,264000,369000,5000,374000,2005
"1582","E",365090,7863475,8228565,12291,8240856,2005
"1583","E",440442,7988428,8428870,129761,8558631,2005
"1584","EXPN",0,0,0,21000,21000,2005
"1585","E",16890,0,16890,0,16890,2005
"1586","E",33380,8000,41380,0,41380,2005
"1587","E",97347,11000,108347,5790,114137,2005
"1588","E",64062,90000,154062,17000,171062,2005
"1589","E",44880,132525,177405,0,177405,2005
"1590","E",17972,0,17972,4300,22272,2005
"1591","E",1045,8500,9545,0,9545,2005
"1592","E",47800,8000,55800,0,55800,2005
"1593","E",87828,6895697,6983525,0,6983525,2005
"1594","T",1021079,25685668,26706747,1113925,27820672,2005
"1595","T",59853,3288978,3348831,5000,3353831,2005
"1596","E",44696,7297074,7341770,75000,7416770,2005
"1597","T",24743,6472283,6497026,5000,6502026,2005
"1598","T",11066220,35769843,46836063,2282625,49118688,2005
"1599","T",712396,19709478,20421874,3652325,24074199,2005
"1600","E",1436550,24717853,26154403,2002025,28156428,2005
"1601","T",2108373,9005863,11114236,1269353,12383589,2005
"1602","T",39350,11246575,11285925,114000,11399925,2005
"1603","T",150930,4687923,4838853,864825,5703678,2005
"1604","T",201687,8448681,8650368,789725,9440093,2005
"1605","T",416057,18310103,18726160,1100000,19826160,2005
"1606","T",20000,5729381,5749381,391478,6140859,2005
"1607","E",0,3776998,3776998,0,3776998,2005
"1608","T",7000,4422628,4429628,351625,4781253,2005
"1609","E",0,23004871,23004871,774200,23779071,2005
"1610","E",0,606715,606715,0,606715,2005
"1611","T",2900,2600,5500,0,5500,2005
"1612","T",188710,47624,236334,8488,244822,2005
"1613","T",10000,1400,11400,3000,14400,2005
"1614","T",21200,334176,355376,0,355376,2005
"1615","E",2900,4700,7600,0,7600,2005
"1616","E",21000,4850,25850,2545,28395,2005
"1617","E",27000,8200,35200,0,35200,2005
"1618","T",0,660000,660000,0,660000,2005
"1619","E",145250,206713,351963,102220,454183,2005
"1620","T",7000,3519,10519,0,10519,2005
"1621","T",233103,1572545,1805648,0,1805648,2005
"1622","T",118000,368500,486500,12000,498500,2005
"1623","T",25590,0,25590,0,25590,2005
"1624","T",77000,227000,304000,10000,314000,2005
"1625","E",30480,0,30480,0,30480,2005
"1626","E",11480,5250,16730,0,16730,2005
"1627","T",62990,28000,90990,0,90990,2005
"1628","E",9790,0,9790,0,9790,2005
"1629","T",19743,3859586,3879329,0,3879329,2005
"1630","T",32000,2927191,2959191,0,2959191,2005
"1631","T",53817,4014070,4067887,5000,4072887,2005
"1632","T",535670,37247158,37782828,684248,38467076,2005
"1633","T",31395,7483619,7515014,160725,7675739,2005
"1634","E",435818,23990358,24426176,1939425,26365601,2005
"1635","E",0,3018952,3018952,0,3018952,2005
"1636","T",15110,3658155,3673265,0,3673265,2005
"1637","T",220381,10687927,10908308,1086673,11994981,2005
"1638","T",9445279,33824405,43269684,2388825,45658509,2005
"1639","E",63584,3200,66784,15000,81784,2005
"1640","E",18500,5900,24400,0,24400,2005
"1641","T",357500,839189,1196689,1771,1198460,2005
"1642","E",2712543,19693594,22406137,273173,22679310,2005
"1643","E",352500,1536939,1889439,76102,1965541,2005
"1644","E",77690,7976945,8054635,144700,8199335,2005
"1645","E",47000,282694,329694,0,329694,2005
"1646","E",332328,4164734,4497062,29000,4526062,2005
"1647","E",32861,1000,33861,10510,44371,2005
"1648","E",636862,10270513,10907375,233761,11141136,2005
"1649","T",11350,9400,20750,20000,40750,2005
"1650","E",331328,4164734,4496062,28000,4524062,2005
"1651","T",81709,51717,133426,7510,140936,2005
"1652","E",97972,339000,436972,54000,490972,2005
"1653","T",19000,612000,631000,240000,871000,2005
"1654","T",6446304,31439810,37886114,1696833,39582947,2005
"1655","E",584950,53000,637950,59725,697675,2005
"1656","T",345682,125828,471510,197449,668959,2005
"1657","T",2624268,1066928,3691196,18500,3709696,2005
"1658","T",2817,0,2817,2000,4817,2005
"1659","T",75775,265000,340775,2500,343275,2005
"1660","E",512801,13100,525901,0,525901,2005
"1661","EXPN",0,2000,2000,3000,5000,2005
"1662","E",8700,7000,15700,0,15700,2005
"1663","T",79000,58405,137405,1000,138405,2005
"1664","E",82708,56558,139266,26429,165695,2005
"1665","EXPN",1000,22973,23973,4000,27973,2005
"1666","E",69719,10632,80351,1581,81932,2005
"1667","E",2900,4000,6900,500,7400,2005
"1668","EXPN",300,0,300,0,300,2005
"1669","E",4500,7852,12352,0,12352,2005
"1670","E",3900,5752,9652,0,9652,2005
"1671","E",3900,5752,9652,0,9652,2005
"1672","EXPN",0,10000,10000,100,10100,2005
"1673","E",18500,38276,56776,0,56776,2005
"1674","E",27900,388,28288,0,28288,2005
"1675","E",77042,194652,271694,65604,337298,2005
"1676","EXPN",0,42000,42000,0,42000,2005
"1677","E",8400,3852,12252,0,12252,2005
"1678","E",4800,49352,54152,3734,57886,2005
"1679","E",10000,99887,109887,1936,111823,2005
"1680","EXPN",19208,11000,30208,3493,33701,2005
"1681","E",43500,16738,60238,8927,69165,2005
"1682","E",2900,3852,6752,0,6752,2005
"1683","E",10800,6900,17700,0,17700,2005
"1684","E",76000,223400,299400,47579,346979,2005
"1685","E",48500,22410,70910,0,70910,2005
"1686","E",107408,181927,289335,13127,302462,2005
"1687","T",14000,5400,19400,800,20200,2005
"1688","T",6400,13500,19900,0,19900,2005
"1689","E",177500,146500,324000,408449,732449,2005
"1690","E",291400,474899,766299,38500,804799,2005
"1691","E",5300,9152,14452,1936,16388,2005
"1692","E",32400,4852,37252,0,37252,2005
"1693","E",4500,6402,10902,7046,17948,2005
"1694","E",176800,123600,300400,5300,305700,2005
"1695","T",4500,17600,22100,500,22600,2005
"1696","E",5700,7000,12700,500,13200,2005
"1697","E",25500,74155,99655,1000,100655,2005
"1698","E",8900,8000,16900,0,16900,2005
"1699","E",17408,2052,19460,800,20260,2005
"1700","E",18108,14578,32686,8167,40853,2005
"1701","T",3400,15802,19202,0,19202,2005
"1702","E",130208,224450,354658,44011,398669,2005
"1703","E",80865,7034,87899,31668,119567,2005
"1704","EXPN",2300,13900,16200,0,16200,2005
"1705","E",140519,46764,187283,28000,215283,2005
"1706","T",22000,9077,31077,0,31077,2005
"1707","EXPN",300,0,300,800,1100,2005
"1708","E",23708,6354,30062,0,30062,2005
"1709","E",27708,31878,59586,1181,60767,2005
"1710","E",8600,22100,30700,1000,31700,2005
"1711","E",29408,16022,45430,911,46341,2005
"1712","EXPN",3800,0,3800,0,3800,2005
"1713","E",92450,29802,122252,22370,144622,2005
"1714","E",11200,4600,15800,0,15800,2005
"1715","E",2900,2100,5000,0,5000,2005
"1716","E",44908,4382,49290,1500,50790,2005
"1717","EXPN",0,1752,1752,0,1752,2005
"1718","E",2900,2600,5500,0,5500,2005
"1719","E",6400,4352,10752,0,10752,2005
"1720","E",54000,14655,68655,1000,69655,2005
"1721","E",39208,121267,160475,5411,165886,2005
"1722","EXPN",0,1900,1900,0,1900,2005
"1723","E",23108,7802,30910,800,31710,2005
"1724","E",4800,4500,9300,500,9800,2005
"1725","E",28500,46622,75122,7367,82489,2005
"1726","E",109000,266743,375743,28600,404343,2005
"1727","T",10000,9600,19600,5699,25299,2005
"1728","E",27800,0,27800,10167,37967,2005
"1729","E",54500,79655,134155,1000,135155,2005
"1730","E",12800,29200,42000,0,42000,2005
"1731","E",20208,7973,28181,1881,30062,2005
"1732","E",41342,190625,231967,41887,273854,2005
"1733","E",94927,41245,136172,10427,146599,2005
"1734","E",32500,81372,113872,4500,118372,2005
"1735","T",11900,2255,14155,0,14155,2005
"1736","E",3000,55027,58027,41200,99227,2005
"1737","E",18500,2575,21075,36780,57855,2005
"1738","E",2900,2100,5000,0,5000,2005
"1739","E",16400,33005,49405,0,49405,2005
"1740","E",4400,36284,40684,111,40795,2005
"1741","E",50616,161186,211802,97613,309415,2005
"1742","E",0,300500,300500,21000,321500,2005
"1743","E",7599,184185,191784,12000,203784,2005
"1744","E",2900,3387,6287,0,6287,2005
"1745","E",14500,2775,17275,5000,22275,2005
"1746","T",2900,2600,5500,0,5500,2005
"1747","E",65,5800,5865,0,5865,2005
"1748","E",3300,10100,13400,1798,15198,2005
"1749","E",2500,3100,5600,0,5600,2005
"1750","E",2900,2100,5000,1798,6798,2005
"1751","EXPN",500,3037,3537,111,3648,2005
"1752","E",6800,3400,10200,0,10200,2005
"1753","T",2900,2600,5500,0,5500,2005
"1754","E",2900,2100,5000,0,5000,2005
"1755","T",2900,2600,5500,1798,7298,2005
"1756","T",8500,0,8500,0,8500,2005
"1757","E",2900,1687,4587,0,4587,2005
"1758","T",136895,230131,367026,0,367026,2005
"1759","T",10000,0,10000,4000,14000,2005
"1760","T",50000,0,50000,9692,59692,2005
"1761","E",68500,3426,71926,2120,74046,2005
"1762","E",146035,6000,152035,0,152035,2005
"1763","T",7175,0,7175,0,7175,2005
"1764","T",800,5900,6700,0,6700,2005
"1765","T",18000,1400,19400,0,19400,2005
"1766","E",16000,2000,18000,0,18000,2005
"1767","E",150553,239584,390137,0,390137,2005
"1768","T",11000,400,11400,0,11400,2005
"1769","E",2900,900,3800,0,3800,2005
"1770","E",136495,360605,497100,0,497100,2005
"1771","E",0,0,0,1400,1400,2005
"1772","E",312950,191000,503950,0,503950,2005
"1773","E",5000,0,5000,60,5060,2005
"1774","E",42136,20000,62136,0,62136,2005
"1775","E",164095,28681,192776,0,192776,2005
"1776","E",12000,0,12000,0,12000,2005
"1777","E",12000,2000,14000,0,14000,2005
"1778","E",5000,0,5000,60,5060,2005
"1779","E",243370,327316,570686,32087,602773,2005
"1780","E",0,32240,32240,4752,36992,2005
"1781","E",16151,240,16391,5348,21739,2005
"1782","E",41256,1240,42496,5348,47844,2005
"1783","T",10640,0,10640,0,10640,2005
"1784","E",4500,240,4740,4900,9640,2005
"1785","E",243370,327316,570686,32087,602773,2005
"1786","E",0,32240,32240,4752,36992,2005
"1787","E",16151,240,16391,5348,21739,2005
"1788","E",41256,1240,42496,5348,47844,2005
"1789","T",10640,0,10640,0,10640,2005
"1790","E",4500,240,4740,4900,9640,2005
"1791","E",27000,0,27000,200,27200,2005
"1792","E",0,240,240,4752,4992,2005
"1793","E",53150,0,53150,0,53150,2005
"1794","E",0,240,240,4752,4992,2005
"1795","T",585720,2077755,2663475,0,2663475,2005
"1796","T",55175,1500,56675,0,56675,2005
"1797","E",30810,0,30810,0,30810,2005
"1798","E",9061,300,9361,0,9361,2005
"1799","E",671750,0,671750,0,671750,2005
"1800","E",167914,85240,253154,0,253154,2005
"1801","E",290073,336759,626832,230655,857487,2005
"1802","E",1000,0,1000,0,1000,2005
"1803","E",4480,0,4480,0,4480,2005
"1804","E",4635,17000,21635,0,21635,2005
"1805","E",24500,5263,29763,17200,46963,2005
"1806","E",0,5000,5000,0,5000,2005
"1807","T",276278,85522,361800,3000,364800,2005
"1808","E",670750,310000,980750,0,980750,2005
"1809","E",362160,176000,538160,0,538160,2005
"1810","E",1000,140195,141195,1400,142595,2005
"1811","E",10500,3050,13550,0,13550,2005
"1812","E",65340,1000,66340,0,66340,2005
"1813","E",1015,3530,4545,0,4545,2005
"1814","E",113200,39568,152768,46960,199728,2005
"1815","E",98480,0,98480,0,98480,2005
"1816","E",31205,0,31205,0,31205,2005
"1817","E",4500,100160,104660,4752,109412,2005
"1818","E",4500,1e+05,104500,4752,109252,2005
"1819","E",68916,38000,106916,0,106916,2005
"1820","T",22626,15000,37626,0,37626,2005
"1821","T",7980,8000,15980,0,15980,2005
"1822","E",75455,50200,125655,10000,135655,2005
"1823","E",135474,26000,161474,0,161474,2005
"1824","T",3796,59000,62796,0,62796,2005
"1825","T",38157,42249,80406,28000,108406,2005
"1826","E",31240,0,31240,0,31240,2005
"1827","T",43959,200,44159,4097,48256,2005
"1828","E",0,240,240,4900,5140,2005
"1829","E",4000,240,4240,4900,9140,2005
"1830","E",4500,0,4500,5438,9938,2005
"1831","E",4500,160,4660,4900,9560,2005
"1832","E",4500,160,4660,4900,9560,2005
"1833","E",4500,100160,104660,5050,109710,2005
"1834","E",4500,160,4660,5438,10098,2005
"1835","E",0,160,160,5438,5598,2005
"1836","E",4500,160,4660,5050,9710,2005
"1837","E",44325,0,44325,0,44325,2005
"1838","E",900,1900,2800,0,2800,2005
"1839","E",0,160,160,5438,5598,2005
"1840","E",2500,857,3357,135,3492,2005
"1841","E",44325,0,44325,0,44325,2005
"1842","E",54000,2000,56000,6688,62688,2005
"1843","E",16151,160,16311,5050,21361,2005
"1844","E",23900,2100,26000,0,26000,2005
"1845","E",16000,2100,18100,300,18400,2005
"1846","E",15500,15350,30850,0,30850,2005
"1847","E",45000,1000,46000,10000,56000,2005
"1848","E",85793,34000,119793,0,119793,2005
"1849","E",38858,2000,40858,0,40858,2005
"1850","E",366248,370733,736981,0,736981,2005
"1851","E",366193,166542,532735,0,532735,2005
"1852","T",718570,2917300,3635870,0,3635870,2005
"1853","E",7854,0,7854,750,8604,2005
"1854","T",0,100,100,528,628,2005
"1855","E",6000,0,6000,60,6060,2005
"1856","E",2900,53487,56387,0,56387,2005
"1857","E",20555,82800,103355,0,103355,2005
"1858","E",7000,38100,45100,0,45100,2005
"1859","T",0,2100,2100,0,2100,2005
"1860","E",631472,2315950,2947422,0,2947422,2005
"1861","E",13300,200,13500,500,14000,2005
"1862","E",12389,14374,26763,107,26870,2005
"1863","E",4184,0,4184,68,4252,2005
"1864","E",433,0,433,68,501,2005
"1865","E",4580,14374,18954,68,19022,2005
"1866","E",871,19100,19971,1370,21341,2005
"1867","E",4580,0,4580,107,4687,2005
"1868","E",293,0,293,68,361,2005
"1869","E",293,0,293,68,361,2005
"1870","E",383,0,383,2221,2604,2005
"1871","E",293,0,293,68,361,2005
"1872","E",293,0,293,68,361,2005
"1873","E",383,0,383,236,619,2005
"1874","E",293,10060,10353,326,10679,2005
"1875","E",1362,0,1362,0,1362,2005
"1876","E",25362,2400,27762,0,27762,2005
"1877","T",33999,245950,279949,500,280449,2005
"1878","E",16000,6000,22000,0,22000,2005
"1879","E",16000,1100,17100,9383,26483,2005
"1880","T",22460,114247,136707,0,136707,2005
"1881","T",3500,2600,6100,2520,8620,2005
"1882","E",4600,2100,6700,0,6700,2005
"1883","T",23300,41433,64733,9600,74333,2005
"1884","E",12600,400,13000,0,13000,2005
"1885","E",4600,6900,11500,0,11500,2005
"1886","E",1474,0,1474,326,1800,2005
"1887","E",293,0,293,2389,2682,2005
"1888","T",433,19100,19533,2221,21754,2005
"1889","E",9500,4560,14060,0,14060,2005
"1890","E",12044,91667,103711,922,104633,2005
"1891","E",293,0,293,326,619,2005
"1892","E",53000,0,53000,7295,60295,2005
"1893","E",293,0,293,326,619,2005
"1894","E",13189,83534,96723,978,97701,2005
"1895","T",16000,0,16000,0,16000,2005
"1896","E",90,6940,7030,0,7030,2005
"1897","E",1660,0,1660,0,1660,2005
"1898","E",1000,400,1400,0,1400,2005
"1899","T",8040,2700,10740,520,11260,2005
"1900","E",16000,26300,42300,0,42300,2005
"1901","E",1421,1000,2421,0,2421,2005
"1902","E",6200,250,6450,0,6450,2005
"1903","E",300,22400,22700,0,22700,2005
"1904","E",1000,2200,3200,0,3200,2005
"1905","E",1090,6840,7930,0,7930,2005
"1906","E",200,0,200,0,200,2005
"1907","T",5121,0,5121,0,5121,2005
"1908","E",108407,96500,204907,0,204907,2005
"1909","E",34862,9000,43862,0,43862,2005
"1910","E",59045,0,59045,0,59045,2005
"1911","T",0,6400,6400,0,6400,2005
"1912","E",3500,850,4350,500,4850,2005
"1913","T",5193,1700,6893,0,6893,2005
"1914","E",1000,1200,2200,0,2200,2005
"1915","T",5400,1687,7087,0,7087,2005
"1916","T",11100,44150,55250,6100,61350,2005
"1917","E",5000,54000,59000,0,59000,2005
"1918","E",8900,13500,22400,0,22400,2005
"1919","E",0,0,0,7593,7593,2005
"1920","E",3500,0,3500,10875,14375,2005
"1921","T",19700,0,19700,0,19700,2005
"1922","T",6900,3060,9960,0,9960,2005
"1923","E",38000,400,38400,0,38400,2005
"1924","E",0,1000,1000,500,1500,2005
"1925","T",1000,0,1000,0,1000,2005
"1926","E",293,0,293,68,361,2005
"1927","E",293,0,293,68,361,2005
"1928","E",2362,0,2362,0,2362,2005
"1929","E",1000,54000,55000,0,55000,2005
"1930","E",4200,1000,5200,0,5200,2005
"1931","T",14900,4250,19150,0,19150,2005
"1932","E",2000,0,2000,0,2000,2005
"1933","T",4590,0,4590,0,4590,2005
"1934","T",99550,32846,132396,0,132396,2005
"1935","E",1090,18500,19590,0,19590,2005
"1936","E",1000,0,1000,0,1000,2005
"1937","E",10870,4000,14870,0,14870,2005
"1938","T",31000,4000,35000,0,35000,2005
"1939","E",120200,5000,125200,0,125200,2005
"1940","E",1886,1031,2917,3218,6135,2005
"1941","T",30200,4378,34578,9040,43618,2005
"1942","E",1090,18500,19590,0,19590,2005
"1943","E",1090,6940,8030,0,8030,2005
"1944","E",1000,500,1500,0,1500,2005
"1945","T",38007,51150,89157,0,89157,2005
"1946","T",3635,1800,5435,0,5435,2005
"1947","T",1000,4400,5400,0,5400,2005
"1948","T",2900,900,3800,0,3800,2005
"1949","E",16000,96412,112412,0,112412,2005
"1950","E",0,0,0,500,500,2005
"1951","E",1140,600,1740,0,1740,2005
"1952","E",2000,0,2000,7295,9295,2005
"1953","E",14000,39500,53500,500,54000,2005
"1954","T",0,3000,3000,2100,5100,2005
"1955","T",0,1000,1000,500,1500,2005
"1956","E",18700,0,18700,0,18700,2005
"1957","E",9686,3600,13286,0,13286,2005
"1958","E",5000,66500,71500,0,71500,2005
"1959","T",0,11000,11000,0,11000,2005
"1960","T",0,1000,1000,7892,8892,2005
"1961","T",7686,12200,19886,0,19886,2005
"1962","E",0,0,0,2100,2100,2005
"1963","E",0,15000,15000,500,15500,2005
"1964","E",10000,4000,14000,500,14500,2005
"1965","E",131000,24000,155000,7000,162000,2005
"1966","E",10000,18028,28028,0,28028,2005
"1967","T",13000,0,13000,500,13500,2005
"1968","E",0,62500,62500,6698,69198,2005
"1969","E",66000,0,66000,15350,81350,2005
"1970","E",6000,0,6000,32386,38386,2005
"1971","T",24851,27612,52463,0,52463,2005
"1972","T",0,10028,10028,0,10028,2005
"1973","E",10000,37528,47528,0,47528,2005
"1974","E",3800,3555,7355,2000,9355,2005
"1975","E",1000,400,1400,0,1400,2005
"1976","E",0,0,0,7892,7892,2005
"1977","T",48988,169589,218577,0,218577,2005
"1978","E",33000,0,33000,0,33000,2005
"1979","E",8270,2200,10470,0,10470,2005
"1980","T",1000,0,1000,0,1000,2005
"1981","T",9100,0,9100,0,9100,2005
"1982","E",740,100,840,922,1762,2005
"1983","E",22864,509879,532743,3620,536363,2005
"1984","E",4792,0,4792,0,4792,2005
"1985","E",1362,0,1362,0,1362,2005
"1986","T",121980,20509,142489,0,142489,2005
"1987","E",0,54000,54000,0,54000,2005
"1988","E",38285,15829,54114,0,54114,2005
"1989","T",6000,0,6000,0,6000,2005
"1990","E",2500,0,2500,0,2500,2005
"1991","E",2895,0,2895,0,2895,2005
"1992","E",2817,9250,12067,0,12067,2005
"1993","T",8225,5000,13225,0,13225,2005
"1994","E",2362,900,3262,0,3262,2005
"1995","E",4000,4000,8000,500,8500,2005
"1996","E",1039,200,1239,0,1239,2005
"1997","E",95600,41600,137200,4778,141978,2005
"1998","E",82486,0,82486,0,82486,2005
"1999","T",8000,0,8000,0,8000,2005
"2000","E",32500,61054,93554,1000,94554,2005
"2001","E",21200,4347,25547,0,25547,2005
"2002","T",0,500,500,2100,2600,2005
"2003","E",27550,0,27550,0,27550,2005
"2004","T",5000,28,5028,500,5528,2005
"2005","T",4600,5673,10273,200,10473,2005
"2006","T",1500,13128,14628,0,14628,2005
"2007","T",7790,54500,62290,0,62290,2005
"2008","E",145747,39490,185237,0,185237,2005
"2009","E",50000,9700,59700,10875,70575,2005
"2010","E",110992,28375,139367,0,139367,2005
"2011","E",4500,0,4500,6997,11497,2005
"2012","E",20500,17054,37554,1020,38574,2005
"2013","T",850,1400,2250,0,2250,2005
"2014","T",850,1000,1850,0,1850,2005
"2015","E",33817,0,33817,0,33817,2005
"2016","T",565,6940,7505,0,7505,2005
"2017","T",850,1400,2250,0,2250,2005
"2018","T",318075,1000,319075,0,319075,2005
"2019","T",1000,2500,3500,0,3500,2005
"2020","E",1500,0,1500,0,1500,2005
"2021","E",1000,0,1000,0,1000,2005
"2022","E",5795,500,6295,0,6295,2005
"2023","T",49565,23000,72565,0,72565,2005
"2024","E",1000,0,1000,0,1000,2005
"2025","E",1000,200,1200,0,1200,2005
"2026","E",1000,1900,2900,0,2900,2005
"2027","T",2000,400,2400,500,2900,2005
"2028","T",91025,47821,138846,0,138846,2005
"2029","E",11000,0,11000,6997,17997,2005
"2030","E",26000,0,26000,0,26000,2005
"2031","E",1090,6940,8030,0,8030,2005
"2032","E",30713,322670,353383,0,353383,2005
"2033","E",14479,0,14479,4094,18573,2005
"2034","E",8802,0,8802,810,9612,2005
"2035","E",1886,42500,44386,9843,54229,2005
"2036","E",90,1000,1090,0,1090,2005
"2037","E",20855,3500,24355,0,24355,2005
"2038","E",3000,0,3000,0,3000,2005
"2039","T",4300,2000,6300,0,6300,2005
"2040","T",3000,4000,7000,300,7300,2005
"2041","E",22300,11000,33300,0,33300,2005
"2042","T",5500,12000,17500,0,17500,2005
"2043","E",4635,0,4635,0,4635,2005
"2044","E",281257,17000,298257,0,298257,2005
"2045","T",0,400,400,0,400,2005
"2046","E",2700,14029,16729,0,16729,2005
"2047","T",76345,1200,77545,0,77545,2005
"2048","E",1000,500,1500,0,1500,2005
"2049","E",70892,1200,72092,0,72092,2005
"2050","E",4500,5037,9537,0,9537,2005
"2051","E",6600,3492,10092,0,10092,2005
"2052","T",3000,0,3000,500,3500,2005
"2053","T",11000,0,11000,0,11000,2005
"2054","E",125944,19100,145044,236,145280,2005
"2055","E",293,0,293,68,361,2005
"2056","E",293,0,293,326,619,2005
"2057","E",293,3000,3293,68,3361,2005
"2058","E",4580,0,4580,107,4687,2005
"2059","E",8486,4000,12486,68,12554,2005
"2060","E",10736,0,10736,1409,12145,2005
"2061","E",6526,38100,44626,1202,45828,2005
"2062","E",293,0,293,10516,10809,2005
"2063","E",8486,4000,12486,68,12554,2005
"2064","E",117033,19100,136133,236,136369,2005
"2065","E",117611,38100,155711,236,155947,2005
"2066","E",24278,0,24278,107,24385,2005
"2067","E",4337,19100,23437,236,23673,2005
"2068","E",344,0,344,68,412,2005
"2069","E",293,0,293,68,361,2005
"2070","E",4199,0,4199,68,4267,2005
"2071","E",293,0,293,1202,1495,2005
"2072","E",293,0,293,326,619,2005
"2073","E",4529,0,4529,107,4636,2005
"2074","T",293,0,293,68,361,2005
"2075","E",293,0,293,68,361,2005
"2076","E",11608,6000,17608,326,17934,2005
"2077","E",15039,19100,34139,1370,35509,2005
"2078","E",16450,5842,22292,3338,25630,2005
"2079","E",8999,19100,28099,1202,29301,2005
"2080","E",6597,0,6597,1370,7967,2005
"2081","E",293,0,293,68,361,2005
"2082","E",43468,99056,142524,3461,145985,2005
"2083","E",44000,0,44000,0,44000,2005
"2084","E",8500,18085,26585,5139,31724,2005
"2085","E",293,9060,9353,326,9679,2005
"2086","E",293,5000,5293,1720,7013,2005
"2087","E",544,0,544,68,612,2005
"2088","E",293,0,293,1202,1495,2005
"2089","E",4588,19100,23688,236,23924,2005
"2090","E",11567,7060,18627,2067,20694,2005
"2091","T",293,0,293,68,361,2005
"2092","E",19991,0,19991,68,20059,2005
"2093","E",293,0,293,1370,1663,2005
"2094","E",871,19100,19971,236,20207,2005
"2095","E",293,7060,7353,326,7679,2005
"2096","E",7335,19100,26435,236,26671,2005
"2097","T",24000,42000,66000,0,66000,2005
"2098","T",9200,500,9700,0,9700,2005
"2099","E",293,0,293,2221,2514,2005
"2100","E",293,0,293,68,361,2005
"2101","E",293,0,293,2221,2514,2005
"2102","E",500,0,500,0,500,2005
"2103","E",293,0,293,326,619,2005
"2104","E",1000,0,1000,0,1000,2005
"2105","E",23974,69160,93134,326,93460,2005
"2106","T",17762,169471,187233,0,187233,2005
"2107","E",22800,0,22800,0,22800,2005
"2108","E",1300,0,1300,0,1300,2005
"2109","E",293,0,293,2221,2514,2005
"2110","E",1090,18500,19590,0,19590,2005
"2111","E",23000,8000,31000,0,31000,2005
"2112","T",16200,11533,27733,200,27933,2005
"2113","E",20400,400,20800,0,20800,2005
"2114","E",293,5000,5293,326,5619,2005
"2115","T",9100,0,9100,0,9100,2005
"2116","E",3500,0,3500,0,3500,2005
"2117","E",4865,56200,61065,0,61065,2005
"2118","E",33817,0,33817,0,33817,2005
"2119","E",1000,0,1000,0,1000,2005
"2120","T",6364,7351,13715,1320,15035,2005
"2121","E",7467,19100,26567,1370,27937,2005
"2122","E",21168,0,21168,68,21236,2005
"2123","E",293,0,293,68,361,2005
"2124","E",293,0,293,68,361,2005
"2125","E",4580,0,4580,107,4687,2005
"2126","E",4337,19100,23437,922,24359,2005
"2127","E",293,19913,20206,3485,23691,2005
"2128","E",29155,40000,69155,12145,81300,2005
"2129","E",433,0,433,2221,2654,2005
"2130","E",9661,64300,73961,365,74326,2005
"2131","E",11608,9000,20608,2686,23294,2005
"2132","E",5033,0,5033,0,5033,2005
"2133","E",417,40000,40417,9550,49967,2005
"2134","E",293,0,293,2221,2514,2005
"2135","E",293,1000,1293,68,1361,2005
"2136","E",293,0,293,2221,2514,2005
"2137","E",5293,0,5293,849,6142,2005
"2138","E",7335,19100,26435,236,26671,2005
"2139","T",433,42000,42433,2221,44654,2005
"2140","E",4580,0,4580,107,4687,2005
"2141","E",8102,5627,13729,68,13797,2005
"2142","E",293,0,293,68,361,2005
"2143","E",17611,5000,22611,101683,124294,2005
"2144","E",11675,3842,15517,1597,17114,2005
"2145","E",8404,24100,32504,2647,35151,2005
"2146","E",293,0,293,2221,2514,2005
"2147","E",796,0,796,326,1122,2005
"2148","E",19987,41889,61876,68,61944,2005
"2149","E",0,3000,3000,500,3500,2005
"2150","E",54000,3200,57200,9383,66583,2005
"2151","T",59268,283646,342914,5745,348659,2005
"2152","E",29765,0,29765,0,29765,2005
"2153","E",1090,18500,19590,0,19590,2005
"2154","E",2362,0,2362,0,2362,2005
"2155","E",1693,2000,3693,68,3761,2005
"2156","E",293,0,293,68,361,2005
"2157","E",34015,84920,118935,0,118935,2005
"2158","E",2100,800,2900,0,2900,2005
"2159","E",2900,6400,9300,1500,10800,2005
"2160","E",6400,400,6800,0,6800,2005
"2161","E",2620,15000,17620,0,17620,2005
"2162","E",4293,0,4293,107,4400,2005
"2163","E",9900,8160,18060,4500,22560,2005
"2164","E",1362,0,1362,0,1362,2005
"2165","E",101014,10000,111014,10000,121014,2005
"2166","T",313000,0,313000,0,313000,2005
"2167","E",2325,2000,4325,0,4325,2005
"2168","T",600,0,600,0,600,2005
"2169","E",61855,31449,93304,0,93304,2005
"2170","E",10500,76213,86713,0,86713,2005
"2171","E",6882,0,6882,0,6882,2005
"2172","E",293,0,293,68,361,2005
"2173","E",293,1212,1505,1068,2573,2005
"2174","E",4337,19100,23437,68,23505,2005
"2175","E",4580,0,4580,107,4687,2005
"2176","E",293,0,293,590,883,2005
"2177","E",4581,0,4581,68,4649,2005
"2178","E",13468,0,13468,2686,16154,2005
"2179","E",293,0,293,2221,2514,2005
"2180","E",0,30250,30250,0,30250,2005
"2181","T",165917,146328,312245,0,312245,2005
"2182","E",2370,0,2370,0,2370,2005
"2183","E",3000,14374,17374,0,17374,2005
"2184","E",21066,19100,40166,107,40273,2005
"2185","T",433,3300,3733,2221,5954,2005
"2186","E",90,6940,7030,0,7030,2005
"2187","E",90,6940,7030,0,7030,2005
"2188","E",2242,10000,12242,0,12242,2005
"2189","E",0,0,0,2000,2000,2005
"2190","T",1500,0,1500,0,1500,2005
"2191","E",3000,0,3000,8190,11190,2005
"2192","E",16000,49999,65999,0,65999,2005
"2193","T",10870,4600,15470,0,15470,2005
"2194","T",6130,4000,10130,0,10130,2005
"2195","T",25298,0,25298,0,25298,2005
"2196","E",5452,2000,7452,0,7452,2005
"2197","E",1665,6000,7665,0,7665,2005
"2198","E",3928,0,3928,68,3996,2005
"2199","T",1000,0,1000,0,1000,2005
"2200","E",30160,24350,54510,5449,59959,2005
"2201","E",293,0,293,68,361,2005
"2202","E",1935,38100,40035,68,40103,2005
"2203","E",28694,385000,413694,0,413694,2005
"2204","E",36013,350,36363,0,36363,2005
"2205","E",4635,0,4635,0,4635,2005
"2206","E",7000,2000,9000,0,9000,2005
"2207","E",45268,22889,68157,6827,74984,2005
"2208","E",1000,0,1000,0,1000,2005
"2209","E",1000,64566,65566,0,65566,2005
"2210","E",13502,0,13502,0,13502,2005
"2211","T",3100,0,3100,0,3100,2005
"2212","E",70398,1400,71798,0,71798,2005
"2213","E",2362,0,2362,0,2362,2005
"2214","E",79000,1000,80000,0,80000,2005
"2215","E",39,0,39,0,NA,2005
"2216","E",5890,54000,59890,0,59890,2005
"2217","T",0,83,83,0,NA,2005
"2218","T",72923,5000,77923,0,77923,2005
"2219","E",28531,31000,59531,500,60031,2005
"2220","E",1886,0,1886,1500,3386,2005
"2221","E",155152,158716,313868,0,313868,2005
"2222","E",137,1000,1137,0,1137,2005
"2223","E",2106,9900,12006,0,12006,2005
"2224","T",42190,930000,972190,500,972690,2005
"2225","E",13000,9000,22000,500,22500,2005
"2226","E",28530,33500,62030,0,62030,2005
"2227","E",0,1000,1000,0,1000,2005
"2228","E",4605,0,4605,0,4605,2005
"2229","E",700,0,700,0,700,2005
"2230","T",42270,22090,64360,3665,68025,2005
"2231","T",0,0,0,500,500,2005
"2232","E",14000,0,14000,0,14000,2005
"2233","E",38900,0,38900,0,38900,2005
"2234","E",3500,0,3500,0,3500,2005
"2235","E",12700,0,12700,0,12700,2005
"2236","E",87000,11561,98561,0,98561,2005
"2237","E",2500,4032,6532,100,6632,2005
"2238","T",49000,700,49700,1000,50700,2005
"2239","E",1000,1200,2200,0,2200,2005
"2240","E",1895,500,2395,0,2395,2005
"2241","E",1000,0,1000,0,1000,2005
"2242","E",6000,0,6000,0,6000,2005
"2243","T",564,34,598,0,598,2005
"2244","E",293,0,293,68,361,2005
"2245","E",117611,19100,136711,1370,138081,2005
"2246","E",20263,34000,54263,922,55185,2005
"2247","E",11915,0,11915,0,11915,2005
"2248","E",11915,0,11915,0,11915,2005
"2249","T",72785,96412,169197,0,169197,2005
"2250","E",4337,19100,23437,68,23505,2005
"2251","E",293,0,293,2221,2514,2005
"2252","E",3928,0,3928,68,3996,2005
"2253","E",293,0,293,68,361,2005
"2254","E",293,0,293,2221,2514,2005
"2255","E",293,0,293,68,361,2005
"2256","E",15943,3789,19732,68,19800,2005
"2257","E",433,0,433,2221,2654,2005
"2258","E",4427,19100,23527,68,23595,2005
"2259","E",293,0,293,2221,2514,2005
"2260","E",293,19100,19393,1202,20595,2005
"2261","E",52975,0,52975,0,52975,2005
"2262","E",8426,0,8426,810,9236,2005
"2263","E",16521,55857,72378,1202,73580,2005
"2264","E",293,0,293,1809,2102,2005
"2265","E",9010,19100,28110,1202,29312,2005
"2266","E",871,19100,19971,1202,21173,2005
"2267","E",293,0,293,2743,3036,2005
"2268","E",544,0,544,68,612,2005
"2269","E",3500,0,3500,0,3500,2005
"2270","E",500,0,500,0,500,2005
"2271","E",57597,24100,81697,3131,84828,2005
"2272","E",1000,12770,13770,0,13770,2005
"2273","E",24000,0,24000,0,24000,2005
"2274","E",500,0,500,0,500,2005
"2275","E",293,0,293,2221,2514,2005
"2276","E",5500,0,5500,0,5500,2005
"2277","E",500,0,500,0,500,2005
"2278","E",119011,19100,138111,1202,139313,2005
"2279","E",1000,0,1000,0,1000,2005
"2280","E",433,0,433,3485,3918,2005
"2281","E",33626,0,33626,326,33952,2005
"2282","E",1000,0,1000,0,1000,2005
"2283","E",4139,0,4139,68,4207,2005
"2284","T",4000,1820,5820,13392,19212,2005
"2285","T",500,0,500,0,500,2005
"2286","E",293,0,293,1809,2102,2005
"2287","E",293,0,293,2221,2514,2005
"2288","E",27048,0,27048,2079,29127,2005
"2289","E",4588,23960,28548,68,28616,2005
"2290","E",4427,20660,25087,68,25155,2005
"2291","E",4871,0,4871,1370,6241,2005
"2292","E",14677,38100,52777,1202,53979,2005
"2293","E",4533,0,4533,68,4601,2005
"2294","E",1000,400,1400,0,1400,2005
"2295","E",500,0,500,0,500,2005
"2296","E",1000,0,1000,0,1000,2005
"2297","E",1474,0,1474,326,1800,2005
"2298","E",871,19100,19971,236,20207,2005
"2299","E",6346,0,6346,1370,7716,2005
"2300","E",383,20660,21043,1202,22245,2005
"2301","E",118433,19100,137533,1370,138903,2005
"2302","E",500,0,500,0,500,2005
"2303","E",293,0,293,68,361,2005
"2304","E",4297,0,4297,68,4365,2005
"2305","E",344,0,344,107,451,2005
"2306","E",293,0,293,326,619,2005
"2307","E",4624,0,4624,326,4950,2005
"2308","E",1000,0,1000,0,1000,2005
"2309","E",1000,0,1000,0,1000,2005
"2310","E",433,19913,20346,2221,22567,2005
"2311","E",1500,0,1500,0,1500,2005
"2312","E",4970,20660,25630,68,25698,2005
"2313","E",64683,74160,138843,2686,141529,2005
"2314","E",293,0,293,68,361,2005
"2315","E",40000,0,40000,0,40000,2005
"2316","E",40000,0,40000,0,40000,2005
"2317","E",293,0,293,68,361,2005
"2318","E",871,19100,19971,236,20207,2005
"2319","E",8718,19100,27818,1370,29188,2005
"2320","E",293,0,293,68,361,2005
"2321","E",8486,0,8486,107,8593,2005
"2322","E",13819,19100,32919,1202,34121,2005
"2323","E",9555,26160,35715,1628,37343,2005
"2324","E",11608,0,11608,2686,14294,2005
"2325","E",293,0,293,68,361,2005
"2326","E",293,0,293,2067,2360,2005
"2327","E",293,0,293,68,361,2005
"2328","E",4580,0,4580,68,4648,2005
"2329","E",293,0,293,68,361,2005
"2330","E",293,0,293,2221,2514,2005
"2331","E",293,0,293,2221,2514,2005
"2332","E",121077,0,121077,68,121145,2005
"2333","E",21970,19100,41070,1370,42440,2005
"2334","E",293,3000,3293,68,3361,2005
"2335","E",293,0,293,68,361,2005
"2336","E",926,20660,21586,68,21654,2005
"2337","E",9291,0,9291,1370,10661,2005
"2338","E",293,0,293,2221,2514,2005
"2339","E",293,0,293,68,361,2005
"2340","E",293,0,293,2221,2514,2005
"2341","E",4772,19100,23872,3355,27227,2005
"2342","E",293,0,293,68,361,2005
"2343","E",293,0,293,68,361,2005
"2344","T",293,19914,20207,68,20275,2005
"2345","E",293,0,293,68,361,2005
"2346","T",500,0,500,0,500,2005
"2347","E",4580,0,4580,107,4687,2005
"2348","T",34807,86583,121390,326,121716,2005
"2349","E",1474,89371,90845,326,91171,2005
"2350","E",4704,0,4704,1202,5906,2005
"2351","E",5320,92820,98140,326,98466,2005
"2352","E",1474,72160,73634,326,73960,2005
"2353","E",4580,0,4580,68,4648,2005
"2354","E",293,0,293,68,361,2005
"2355","E",5825,19100,24925,1202,26127,2005
"2356","E",1000,0,1000,0,1000,2005
"2357","E",1474,69160,70634,978,71612,2005
"2358","E",4337,20660,24997,68,25065,2005
"2359","E",9081,19100,28181,1202,29383,2005
"2360","E",8426,0,8426,107,8533,2005
"2361","T",293,2500,2793,68,2861,2005
"2362","E",122844,0,122844,236,123080,2005
"2363","E",1000,0,1000,0,1000,2005
"2364","E",5320,14374,19694,326,20020,2005
"2365","E",293,0,293,68,361,2005
"2366","E",8426,0,8426,68,8494,2005
"2367","E",125475,19100,144575,236,144811,2005
"2368","E",293,0,293,590,883,2005
"2369","E",293,1000,1293,68,1361,2005
"2370","T",0,0,0,6400,6400,2005
"2371","E",293,0,293,68,361,2005
"2372","E",6818,19100,25918,1370,27288,2005
"2373","E",24248,12625,36873,1922,38795,2005
"2374","E",433,0,433,68,501,2005
"2375","E",8000,0,8000,0,8000,2005
"2376","E",4704,19100,23804,1202,25006,2005
"2377","T",69517,48612,118129,8180,126309,2005
"2378","T",145997,138880,284877,17400,302277,2005
"2379","E",3085,64966,68051,0,68051,2005
"2380","E",26345,0,26345,0,26345,2005
"2381","E",40885,0,40885,0,40885,2005
"2382","T",19892,100,19992,0,19992,2005
"2383","T",58457,18750,77207,0,77207,2005
"2384","T",31797,1000,32797,0,32797,2005
"2385","E",5000,54000,59000,0,59000,2005
"2386","T",0,55000,55000,0,55000,2005
"2387","T",112692,8712,121404,0,121404,2005
"2388","E",1040,7240,8280,0,8280,2005
"2389","E",32000,0,32000,0,32000,2005
"2390","E",1000,0,1000,0,1000,2005
"2391","E",1000,0,1000,0,1000,2005
"2392","E",1000,0,1000,0,1000,2005
"2393","E",1500,0,1500,0,1500,2005
"2394","E",6500,0,6500,0,6500,2005
"2395","E",293,0,293,0,293,2005
"2396","E",4427,20660,25087,68,25155,2005
"2397","E",344,2000,2344,68,2412,2005
"2398","E",1400,0,1400,0,1400,2005
"2399","E",2700,2100,4800,0,4800,2005
"2400","E",1500,0,1500,0,1500,2005
"2401","E",9800,0,9800,0,9800,2005
"2402","E",0,25000,25000,0,25000,2005
"2403","E",32908,7808,40716,0,40716,2005
"2404","E",73763,25400,99163,0,99163,2005
"2405","E",500,0,500,0,500,2005
"2406","E",0,783,783,0,783,2005
"2407","E",1000,1000,2000,0,2000,2005
"2408","E",564,5006,5570,0,5570,2005
"2409","E",45000,43000,88000,7892,95892,2005
"2410","E",79389,0,79389,0,79389,2005
"2411","T",13900,49250,63150,0,63150,2005
"2412","E",8580,0,8580,68,8648,2005
"2413","T",76008,14554,90562,1020,91582,2005
"2414","E",6500,1555,8055,0,8055,2005
"2415","E",50149,0,50149,0,50149,2005
"2416","E",3000,0,3000,6400,9400,2005
"2417","E",8900,400,9300,0,9300,2005
"2418","E",26000,20282,46282,0,46282,2005
"2419","E",6800,400,7200,0,7200,2005
"2420","E",34100,0,34100,0,34100,2005
"2421","T",29588,109925,139513,6020,145533,2005
"2422","E",23500,0,23500,0,23500,2005
"2423","E",6700,100,6800,0,6800,2005
"2424","E",1000,0,1000,0,1000,2005
"2425","E",26500,1621148,1647648,3300,1650948,2005
"2426","E",0,0,0,6400,6400,2005
"2427","E",42962,34350,77312,0,77312,2005
"2428","E",39043,69160,108203,365,108568,2005
"2429","E",23000,1500,24500,0,24500,2005
"2430","E",0,80,80,10875,10955,2005
"2431","T",19500,68013,87513,860,88373,2005
"2432","E",8414,0,8414,0,8414,2005
"2433","E",34807,76220,111027,0,111027,2005
"2434","E",39900,11197,51097,160,51257,2005
"2435","E",24000,0,24000,0,24000,2005
"2436","E",1500,500,2000,0,2000,2005
"2437","E",5033,7500,12533,68,12601,2005
"2438","T",3590,0,3590,0,3590,2005
"2439","E",2200,100,2300,236,2536,2005
"2440","E",15300,0,15300,4000,19300,2005
"2441","E",0,1778,1778,0,1778,2005
"2442","T",5000,6000,11000,0,11000,2005
"2443","E",5000,3000,8000,0,8000,2005
"2444","E",8580,0,8580,107,8687,2005
"2445","E",2000,0,2000,0,2000,2005
"2446","E",1000,0,1000,0,1000,2005
"2447","E",31000,9582,40582,0,40582,2005
"2448","E",280,28940,29220,0,29220,2005
"2449","E",12031,153000,165031,0,165031,2005
"2450","E",0,100,100,1654,1754,2005
"2451","E",90,18500,18590,0,18590,2005
"2452","E",8500,0,8500,0,8500,2005
"2453","T",27900,16357,44257,0,44257,2005
"2454","E",8500,0,8500,0,8500,2005
"2455","E",18700,0,18700,0,18700,2005
"2456","T",9900,0,9900,2000,11900,2005
"2457","E",2500,100,2600,7892,10492,2005
"2458","T",90,6940,7030,0,7030,2005
"2459","E",0,80,80,6997,7077,2005
"2460","E",8102,56375,64477,68,64545,2005
"2461","E",31000,0,31000,0,31000,2005
"2462","T",0,54000,54000,0,54000,2005
"2463","E",37500,18725,56225,0,56225,2005
"2464","E",18894,4899,23793,0,23793,2005
"2465","E",6346,1000,7346,1090,8436,2005
"2466","E",30511,0,30511,0,30511,2005
"2467","T",0,730864,730864,0,730864,2005
"2468","E",5500,3495,8995,0,8995,2005
"2469","T",4000,0,4000,500,4500,2005
"2470","E",1362,0,1362,0,1362,2005
"2471","E",30345,30362,60707,8156,68863,2005
"2472","T",0,4800,4800,0,4800,2005
"2473","T",16500,22100,38600,400,39000,2005
"2474","E",22800,2100,24900,0,24900,2005
"2475","T",8700,8100,16800,5000,21800,2005
"2476","E",2000,0,2000,40858,42858,2005
"2477","E",95,0,95,0,NA,2005
"2478","E",11040,0,11040,0,11040,2005
"2479","T",57445,37500,94945,0,94945,2005
"2480","E",37000,0,37000,0,37000,2005
"2481","E",49082,26690,75772,0,75772,2005
"2482","E",1235,203800,205035,0,205035,2005
"2483","E",1000,4940,5940,0,5940,2005
"2484","T",41800,52095,93895,930,94825,2005
"2485","E",29700,0,29700,0,29700,2005
"2486","T",9500,300,9800,0,9800,2005
"2487","T",24527,53100,77627,0,77627,2005
"2488","T",13000,0,13000,0,13000,2005
"2489","E",26385,4685,31070,0,31070,2005
"2490","E",7732,0,7732,0,7732,2005
"2491","E",15000,51255,66255,1200,67455,2005
"2492","E",4590,0,4590,0,4590,2005
"2493","T",6407,0,6407,0,6407,2005
"2494","T",32500,68301,100801,7046,107847,2005
"2495","T",13000,52000,65000,7892,72892,2005
"2496","E",30000,1500,31500,0,31500,2005
"2497","T",10100,0,10100,0,10100,2005
"2498","E",3635,0,3635,0,3635,2005
"2499","E",1000,54000,55000,0,55000,2005
"2500","E",28665,52000,80665,0,80665,2005
"2501","T",4769,59000,63769,0,63769,2005
"2502","T",14657,41500,56157,0,56157,2005
"2503","T",37807,500,38307,0,38307,2005
"2504","E",3320,0,3320,0,3320,2005
"2505","E",35435,0,35435,0,35435,2005
"2506","E",4915,0,4915,0,4915,2005
"2507","T",26200,31765,57965,300,58265,2005
"2508","T",22000,63000,85000,0,85000,2005
"2509","E",48349,0,48349,0,48349,2005
"2510","T",61000,0,61000,0,61000,2005
"2511","T",0,27128,27128,0,27128,2005
"2512","E",2000,3400,5400,1000,6400,2005
"2513","E",8500,24059,32559,5000,37559,2005
"2514","E",24527,2000,26527,0,26527,2005
"2515","T",5194,2000,7194,0,7194,2005
"2516","E",920,30000,30920,13691,44611,2005
"2517","E",500,0,500,0,500,2005
"2518","T",3590,400,3990,0,3990,2005
"2519","E",11608,0,11608,2461,14069,2005
"2520","E",293,0,293,2221,2514,2005
"2521","E",10070,0,10070,0,10070,2005
"2522","E",1000,0,1000,0,1000,2005
"2523","E",37585,0,37585,0,37585,2005
"2524","E",500,0,500,0,500,2005
"2525","E",5200,0,5200,0,5200,2005
"2526","T",3300,2600,5900,0,5900,2005
"2527","E",40438,384200,424638,500,425138,2005
"2528","E",1500,2100,3600,0,3600,2005
"2529","E",21180,0,21180,0,21180,2005
"2530","T",33000,555,33555,0,33555,2005
"2531","E",2106,4000,6106,0,6106,2005
"2532","T",0,45000,45000,0,45000,2005
"2533","T",0,54000,54000,0,54000,2005
"2534","E",648726,1320,650046,24300,674346,2005
"2535","E",6221,8000,14221,0,14221,2005
"2536","E",30100,49250,79350,0,79350,2005
"2537","E",1090,18500,19590,0,19590,2005
"2538","E",0,216000,216000,0,216000,2005
"2539","E",4775,0,4775,0,4775,2005
"2540","T",18885,22028,40913,0,40913,2005
"2541","E",27550,0,27550,0,27550,2005
"2542","E",104500,0,104500,0,104500,2005
"2543","T",293,4000,4293,68,4361,2005
"2544","E",8068,0,8068,8156,16224,2005
"2545","E",6346,0,6346,3877,10223,2005
"2546","E",417,45000,45417,3461,48878,2005
"2547","E",293,0,293,68,361,2005
"2548","E",4588,19100,23688,1202,24890,2005
"2549","E",544,0,544,1202,1746,2005
"2550","E",4588,19100,23688,1202,24890,2005
"2551","E",383,1560,1943,68,2011,2005
"2552","E",124075,19100,143175,236,143411,2005
"2553","E",293,19100,19393,4209,23602,2005
"2554","E",4134,0,4134,922,5056,2005
"2555","E",383,39660,40043,1202,41245,2005
"2556","E",293,7060,7353,2067,9420,2005
"2557","E",293,3000,3293,68,3361,2005
"2558","E",7793,0,7793,2067,9860,2005
"2559","E",19417,10000,29417,2686,32103,2005
"2560","E",4924,0,4924,107,5031,2005
"2561","E",28279,0,28279,107,28386,2005
"2562","E",293,3000,3293,2067,5360,2005
"2563","E",544,6000,6544,326,6870,2005
"2564","E",293,4000,4293,68,4361,2005
"2565","E",118433,61101,179534,1370,180904,2005
"2566","T",39,0,39,0,NA,2005
"2567","E",2520,0,2520,0,2520,2005
"2568","E",1600,12155,13755,0,13755,2005
"2569","E",15902,0,15902,2011,17913,2005
"2570","T",2900,0,2900,0,2900,2005
"2571","E",17800,0,17800,0,17800,2005
"2572","T",2900,5697,8597,0,8597,2005
"2573","E",1000,0,1000,0,1000,2005
"2574","E",293,0,293,258,551,2005
"2575","E",2833,15000,17833,854,18687,2005
"2576","E",5500,0,5500,0,5500,2005
"2577","E",12789,69160,81949,0,81949,2005
"2578","E",836,19100,19936,0,19936,2005
"2579","E",293,0,293,0,293,2005
"2580","E",293,1560,1853,0,1853,2005
"2581","E",8486,0,8486,258,8744,2005
"2582","E",500,0,500,0,500,2005
"2583","E",23500,0,23500,0,23500,2005
"2584","E",20570,19100,39670,168,39838,2005
"2585","E",500,0,500,0,500,2005
"2586","E",1000,0,1000,0,1000,2005
"2587","E",1000,0,1000,0,1000,2005
"2588","E",500,0,500,0,500,2005
"2589","E",23838,19100,42938,0,42938,2005
"2590","E",0,800,800,0,800,2005
"2591","E",2900,73900,76800,0,76800,2005
"2592","E",600,400,1000,0,1000,2005
"2593","E",293,5000,5293,258,5551,2005
"2594","E",15902,0,15902,2011,17913,2005
"2595","T",2900,0,2900,0,2900,2005
"2596","E",17800,0,17800,0,17800,2005
"2597","T",2900,5697,8597,0,8597,2005
"2598","E",1000,0,1000,0,1000,2005
"2599","E",293,0,293,258,551,2005
"2600","E",2833,15000,17833,854,18687,2005
"2601","E",5500,0,5500,0,5500,2005
"2602","E",12789,69160,81949,0,81949,2005
"2603","E",836,19100,19936,0,19936,2005
"2604","E",293,0,293,0,293,2005
"2605","E",293,1560,1853,0,1853,2005
"2606","E",8486,0,8486,258,8744,2005
"2607","E",500,0,500,0,500,2005
"2608","E",23500,0,23500,0,23500,2005
"2609","E",20570,19100,39670,168,39838,2005
"2610","E",500,0,500,0,500,2005
"2611","E",1000,0,1000,0,1000,2005
"2612","E",1000,0,1000,0,1000,2005
"2613","E",500,0,500,0,500,2005
"2614","E",23838,19100,42938,0,42938,2005
"2615","E",0,800,800,0,800,2005
"2616","E",2900,73900,76800,0,76800,2005
"2617","E",600,400,1000,0,1000,2005
"2618","E",293,5000,5293,258,5551,2005
"2619","E",5282,19100,24382,1302,25684,2005
"2620","E",9700,32400,42100,0,42100,2005
"2621","E",17700,4000,21700,0,21700,2005
"2622","E",230225,761984,992209,27914,1020123,2006
"2623","E",18150,363788,381938,0,381938,2006
"2624","E",1255537,2799167,4054704,124780,4179484,2006
"2625","E",159000,233700,392700,16000,408700,2006
"2626","E",1600,3e+05,301600,0,301600,2006
"2627","T",115150,69953,185103,0,185103,2006
"2628","E",0,44704,44704,5610,50314,2006
"2629","E",27000,28600,55600,4100,59700,2006
"2630","E",36010,149759,185769,7042,192811,2006
"2631","SAT",12000,180,12180,12354,24534,2006
"2632","PT",0,606764,606764,0,606764,2006
"2633","T",2213768,3106020,5319788,1531298,6851086,2006
"2634","EXPN",0,15100,15100,0,15100,2006
"2635","T",405700,285096,690796,26544,717340,2006
"2636","E",104036,31671,135707,800,136507,2006
"2637","E",156479,18134,174613,0,174613,2006
"2638","E",168000,7500,175500,0,175500,2006
"2639","EXPN",693652,491443,1185095,378023,1563118,2006
"2640","E",0,604344,604344,110336,714680,2006
"2641","E",373151,545616,918767,28000,946767,2006
"2642","E",111822,382200,494022,0,494022,2006
"2643","E",63589,0,63589,0,63589,2006
"2644","E",111962,370000,481962,3000,484962,2006
"2645","E",107953,80000,187953,0,187953,2006
"2646","E",78691,66426,145117,10000,155117,2006
"2647","E",28600,10230,38830,4650,43480,2006
"2648","E",0,150,150,0,150,2006
"2649","E",34734,58000,92734,0,92734,2006
"2650","E",61865,218407,280272,20000,300272,2006
"2651","E",3727,500,4227,0,4227,2006
"2652","E",102588,32907,135495,0,135495,2006
"2653","E",18412,244975,263387,2000,265387,2006
"2654","E",21275,55000,76275,45000,121275,2006
"2655","T",1580813,1799389,3380202,676960,4057162,2006
"2656","E",1981950,2381535,4363485,5374284,9737769,2006
"2657","E",34904,50000,84904,7500,92404,2006
"2658","E",609000,10830,619830,0,619830,2006
"2659","E",17500,12230,29730,0,29730,2006
"2660","E",86000,65711,151711,0,151711,2006
"2661","E",25000,16278,41278,0,41278,2006
"2662","E",12188,131306,143494,2000,145494,2006
"2663","E",76000,130434,206434,0,206434,2006
"2664","T",148090,179213,327303,18129,345432,2006
"2665","E",149163,164233,313396,45000,358396,2006
"2666","T",79000,21930,100930,0,100930,2006
"2667","E",103600,61061,164661,0,164661,2006
"2668","E",111475,10860,122335,7610,129945,2006
"2669","T",734000,38700,772700,0,772700,2006
"2670","EXPN",90910,0,90910,0,90910,2006
"2671","T",191404,760546,951950,0,951950,2006
"2672","E",596450,663709,1260159,1603973,2864132,2006
"2673","T",91500,227759,319259,0,319259,2006
"2674","E",369000,980432,1349432,250000,1599432,2006
"2675","E",6068,11701,17769,1200,18969,2006
"2676","E",51500,178827,230327,0,230327,2006
"2677","E",234890,36571,271461,0,271461,2006
"2678","E",217945,73468,291413,10000,301413,2006
"2679","E",15500,5277,20777,0,20777,2006
"2680","T",0,5712509,5712509,0,5712509,2006
"2681","E",0,24791913,24791913,0,24791913,2006
"2682","T",0,205,205,0,205,2006
"2683","E",27617,2812100,2839717,0,2839717,2006
"2684","E",104774,272985,377759,65000,442759,2006
"2685","E",273647,53883,327530,75000,402530,2006
"2686","E",15636,0,15636,1000,16636,2006
"2687","E",9400,11000,20400,6050,26450,2006
"2688","E",633687,91204,724891,30000,754891,2006
"2689","E",169000,84150,253150,12000,265150,2006
"2690","T",183016,20016,203032,78900,281932,2006
"2691","E",140117,74500,214617,44284,258901,2006
"2692","E",8109,0,8109,500,8609,2006
"2693","E",1100,4154,5254,0,5254,2006
"2694","E",0,5150,5150,0,5150,2006
"2695","E",0,7846,7846,333,8179,2006
"2696","E",0,4020096,4020096,0,4020096,2006
"2697","E",1000,10896,11896,1333,13229,2006
"2698","E",3225,3916340,3919565,2953,3922518,2006
"2699","E",1000,8750293,8751293,598582,9349875,2006
"2700","E",0,10185,10185,333,10518,2006
"2701","E",1000,706084,707084,333,707417,2006
"2702","PE",0,28251,28251,0,28251,2006
"2703","T",147000,202030,349030,4107,353137,2006
"2704","E",1514299,2528350,4042649,265626,4308275,2006
"2705","EXPN",1657000,31810,1688810,167523,1856333,2006
"2706","EXPN",1165265,273018,1438283,353228,1791511,2006
"2707","E",511800,415,512215,0,512215,2006
"2708","EXPN",646200,600,646800,25,646825,2006
"2709","E",144800,24331,169131,0,169131,2006
"2710","E",20000,5500,25500,1000,26500,2006
"2711","E",59573,5000,64573,8818,73391,2006
"2712","E",26796,2000,28796,556,29352,2006
"2713","E",7555,0,7555,556,8111,2006
"2714","E",61445,5000,66445,10556,77001,2006
"2715","E",213900,96390,310290,0,310290,2006
"2716","E",150300,0,150300,53800,204100,2006
"2717","E",277000,2700,279700,750,280450,2006
"2718","E",200,0,200,0,200,2006
"2719","T",171000,266124,437124,0,437124,2006
"2720","E",561230,346044,907274,329000,1236274,2006
"2721","EXPN",8950,5880,14830,0,14830,2006
"2722","E",32000,115283,147283,9128,156411,2006
"2723","E",345200,66204,411404,0,411404,2006
"2724","EXPN",265765,1540,267305,149445,416750,2006
"2725","EXPN",382700,6671,389371,3064,392435,2006
"2726","E",157000,5815557,5972557,14966,5987523,2006
"2727","E",79032,23000,102032,556,102588,2006
"2728","E",7555,0,7555,556,8111,2006
"2729","E",6055,0,6055,556,6611,2006
"2730","E",747794,3660,751454,94645,846099,2006
"2731","E",286976,505840,792816,0,792816,2006
"2732","E",0,200,200,4650,4850,2006
"2733","E",96500,168230,264730,9128,273858,2006
"2734","E",121350,121420,242770,0,242770,2006
"2735","T",3510356,8008445,11518801,806085,12324886,2006
"2736","T",765500,82600,848100,0,848100,2006
"2737","T",1091500,488890,1580390,0,1580390,2006
"2738","E",28861,200852,229713,11556,241269,2006
"2739","E",265000,469330,734330,0,734330,2006
"2740","EXPN",0,279960,279960,12004,291964,2006
"2741","E",10606,0,10606,0,10606,2006
"2742","E",11106,0,11106,0,11106,2006
"2743","E",1191467,13806329,14997796,37385,15035181,2006
"2744","T",97433,936589,1034022,50000,1084022,2006
"2745","E",234756,278179,512935,44335,557270,2006
"2746","E",127888,102000,229888,556,230444,2006
"2747","E",6000,0,6000,0,6000,2006
"2748","E",6000,0,6000,0,6000,2006
"2749","E",54978,2000,56978,556,57534,2006
"2750","T",919000,1592709,2511709,75353,2587062,2006
"2751","E",60500,86540,147040,0,147040,2006
"2752","E",733300,218845,952145,2894,955039,2006
"2753","E",87950,0,87950,0,87950,2006
"2754","E",15606,0,15606,0,15606,2006
"2755","E",22000,91994,113994,9128,123122,2006
"2756","E",38200,0,38200,0,38200,2006
"2757","T",1044773,973134,2017907,50000,2067907,2006
"2758","E",69000,0,69000,0,69000,2006
"2759","E",56608,2000,58608,556,59164,2006
"2760","T",338112,2028544,2366656,6526,2373182,2006
"2761","T",1905096,4152073,6057169,52795,6109964,2006
"2762","E",301198,350688,651886,93786,745672,2006
"2763","E",1068000,106000,1174000,223200,1397200,2006
"2764","E",62242,2000,64242,80818,145060,2006
"2765","E",343608,482253,825861,11360,837221,2006
"2766","E",142308,151744,294052,13000,307052,2006
"2767","E",14000,0,14000,0,14000,2006
"2768","E",136800,271083,407883,50814,458697,2006
"2769","T",994601,6621950,7616551,273046,7889597,2006
"2770","T",1018723,2078371,3097094,19263,3116357,2006
"2771","E",62242,2000,64242,556,64798,2006
"2772","E",336000,6580,342580,33543,376123,2006
"2773","DO",85312,17400,102712,1e+05,202712,2006
"2774","E",290458,154938,445396,15000,460396,2006
"2775","EXPN",5049,0,5049,0,5049,2006
"2776","E",184000,349600,533600,0,533600,2006
"2777","E",39571,298807,338378,15000,353378,2006
"2778","E",33654,738900,772554,76000,848554,2006
"2779","T",183836,2000,185836,0,185836,2006
"2780","E",3973,1739708,1743681,500,1744181,2006
"2781","E",336500,2249512,2586012,0,2586012,2006
"2782","E",188800,245365,434165,48308,482473,2006
"2783","T",0,156388,156388,500,156888,2006
"2784","E",48300,167458,215758,9128,224886,2006
"2785","E",1519500,1355561,2875061,130577,3005638,2006
"2786","E",38000,123300,161300,0,161300,2006
"2787","E",161660,1270660,1432320,20000,1452320,2006
"2788","E",376459,6117512,6493971,83854,6577825,2006
"2789","T",5500,500,6000,200,6200,2006
"2790","E",45837,49164,95001,43240,138241,2006
"2791","E",7555,0,7555,556,8111,2006
"2792","E",7555,0,7555,556,8111,2006
"2793","E",183937,0,183937,43175,227112,2006
"2794","T",94187,45000,139187,1000,140187,2006
"2795","E",302000,1101808,1403808,53654,1457462,2006
"2796","E",190281,788607,978888,3000,981888,2006
"2797","E",6100,590,6690,750,7440,2006
"2798","E",269000,932199,1201199,4650,1205849,2006
"2799","E",101000,623475,724475,183000,907475,2006
"2800","E",287963,0,287963,0,287963,2006
"2801","E",2500,0,2500,0,2500,2006
"2802","E",254327,18440,272767,0,272767,2006
"2803","E",1306000,398885,1704885,104985,1809870,2006
"2804","E",2039592,11864943,13904535,396363,14300898,2006
"2805","E",7555,0,7555,556,8111,2006
"2806","E",7555,0,7555,556,8111,2006
"2807","SAT",165338,691369,856707,1100,857807,2006
"2808","E",1900,0,1900,0,1900,2006
"2809","T",1200,0,1200,0,1200,2006
"2810","E",67000,10074,77074,0,77074,2006
"2811","E",18200,19444,37644,0,37644,2006
"2812","E",101500,49302,150802,3303,154105,2006
"2813","E",1000,0,1000,0,1000,2006
"2814","T",6200,0,6200,35700,41900,2006
"2815","E",104,91000,91104,12000,103104,2006
"2816","T",1100,13907,15007,3000,18007,2006
"2817","T",4104,17200,21304,0,21304,2006
"2818","E",6700,0,6700,0,6700,2006
"2819","E",32400,3008,35408,6000,41408,2006
"2820","T",22000,54230,76230,0,76230,2006
"2821","E",251900,841717,1093617,0,1093617,2006
"2822","T",246098,2824252,3070350,1025,3071375,2006
"2823","E",335782,1743386,2079168,23660,2102828,2006
"2824","E",455850,3286869,3742719,10539,3753258,2006
"2825","E",425150,6379674,6804824,19425,6824249,2006
"2826","T",680457,6173383,6853840,57800,6911640,2006
"2827","E",10000,541725,551725,0,551725,2006
"2828","T",50,544787,544837,0,544837,2006
"2829","T",26500,2291,28791,0,28791,2006
"2830","T",84500,291291,375791,0,375791,2006
"2831","T",5500,2077,7577,0,7577,2006
"2832","T",25000,4020,29020,5992,35012,2006
"2833","T",73000,1200,74200,200,74400,2006
"2834","T",276400,1181931,1458331,2000,1460331,2006
"2835","T",662041,796820,1458861,7000,1465861,2006
"2836","T",16300,11840,28140,23200,51340,2006
"2837","E",162546,5175,167721,3000,170721,2006
"2838","T",1622270,8955896,10578166,20000,10598166,2006
"2839","SAT",0,342142,342142,0,342142,2006
"2840","T",56500,13291959,13348459,0,13348459,2006
"2841","E",12500,87655,100155,0,100155,2006
"2842","SAT",0,700,700,31450,32150,2006
"2843","T",390300,237329,627629,147649,775278,2006
"2844","T",0,4154,4154,0,4154,2006
"2845","T",0,16260,16260,0,16260,2006
"2846","T",30800,10310,41110,0,41110,2006
"2847","T",309258,10025,319283,0,319283,2006
"2848","T",1200,0,1200,0,1200,2006
"2849","T",1103230,1123058,2226288,10000,2236288,2006
"2850","T",459000,254813,713813,10000,723813,2006
"2851","E",75500,16577,92077,0,92077,2006
"2852","E",211077,388580,599657,8000,607657,2006
"2853","T",123500,750,124250,0,124250,2006
"2854","E",52000,14200,66200,9177,75377,2006
"2855","E",214894,0,214894,2000,216894,2006
"2856","E",200451,0,200451,0,200451,2006
"2857","T",496947,217178,714125,0,714125,2006
"2858","T",32500,5000,37500,17980,55480,2006
"2859","E",0,2000,2000,500,2500,2006
"2860","T",228700,1594569,1823269,48251,1871520,2006
"2861","T",564400,1916,566316,57941,624257,2006
"2862","T",95000,1380,96380,6177,102557,2006
"2863","E",110690,175,110865,2000,112865,2006
"2864","E",345,3200,3545,800,4345,2006
"2865","E",93000,10150,103150,10000,113150,2006
"2866","E",169000,1980,170980,6536,177516,2006
"2867","E",105208,586575,691783,0,691783,2006
"2868","E",246000,2360,248360,17655,266015,2006
"2869","T",15500,0,15500,12000,27500,2006
"2870","E",98700,1660,100360,1135,101495,2006
"2871","T",23000,100,23100,2500,25600,2006
"2872","E",0,1731,1731,0,1731,2006
"2873","T",33100,51522,84622,47000,131622,2006
"2874","E",657913,4867477,5525390,208592,5733982,2006
"2875","E",95757,7000,102757,1200,103957,2006
"2876","T",58997,0,58997,6353,65350,2006
"2877","E",6000,31600,37600,0,37600,2006
"2878","E",323878,6898336,7222214,188592,7410806,2006
"2879","T",39500,2500,42000,0,42000,2006
"2880","E",5895,139000,144895,1000,145895,2006
"2881","E",166043,11485,177528,700,178228,2006
"2882","E",6016,9000,15016,0,15016,2006
"2883","E",43033,0,43033,0,43033,2006
"2884","T",13418,165322,178740,500,179240,2006
"2885","T",25000,13100,38100,5000,43100,2006
"2886","EXPN",10000,0,10000,0,10000,2006
"2887","EXPN",12500,0,12500,0,12500,2006
"2888","T",138809,9119,147928,11130,159058,2006
"2889","E",475208,33136,508344,3500,511844,2006
"2890","E",13000,6100,19100,3000,22100,2006
"2891","E",181821,66000,247821,0,247821,2006
"2892","E",89833,33000,122833,0,122833,2006
"2893","T",89346,113204,202550,0,202550,2006
"2894","T",60994,0,60994,0,60994,2006
"2895","T",35379,3000,38379,0,38379,2006
"2896","E",23163,24000,47163,0,47163,2006
"2897","E",16315,9660,25975,0,25975,2006
"2898","E",201174,6000,207174,0,207174,2006
"2899","E",19900,17751,37651,3000,40651,2006
"2900","T",0,1311,1311,0,1311,2006
"2901","E",4500,831,5331,0,5331,2006
"2902","EXPN",10000,0,10000,5490,15490,2006
"2903","E",23400,5009,28409,1934,30343,2006
"2904","T",533500,13077,546577,2500,549077,2006
"2905","E",39519,9468,48987,5490,54477,2006
"2906","EXPN",7500,831,8331,0,8331,2006
"2907","E",553500,8827,562327,2500,564827,2006
"2908","E",196000,3463,199463,4650,204113,2006
"2909","T",66800,4154,70954,500,71454,2006
"2910","T",300300,33000,333300,0,333300,2006
"2911","E",9408,0,9408,0,9408,2006
"2912","T",95500,711,96211,341300,437511,2006
"2913","E",89400,199516,288916,0,288916,2006
"2914","E",28500,2077,30577,0,30577,2006
"2915","T",37500,8779,46279,0,46279,2006
"2916","T",19500,12977,32477,800,33277,2006
"2917","E",0,2077,2077,0,2077,2006
"2918","E",26400,2077,28477,0,28477,2006
"2919","E",32000,5000,37000,4650,41650,2006
"2920","E",0,0,0,4650,4650,2006
"2921","E",31000,18200,49200,4650,53850,2006
"2922","E",0,2584,2584,4650,7234,2006
"2923","E",485621,174782,660403,3000,663403,2006
"2924","E",8700,21951,30651,800,31451,2006
"2925","E",51533,408088,459621,17000,476621,2006
"2926","T",24416,237,24653,4000,28653,2006
"2927","E",5800,831,6631,0,6631,2006
"2928","E",500,20,520,0,520,2006
"2929","EXPN",7500,0,7500,0,7500,2006
"2930","E",9900,8461,18361,5490,23851,2006
"2931","EXPN",8690,167922,176612,3000,179612,2006
"2932","T",15301,5030,20331,5490,25821,2006
"2933","EXPN",7500,831,8331,0,8331,2006
"2934","T",201000,0,201000,8826,209826,2006
"2935","T",127000,480600,607600,7100,614700,2006
"2936","E",115000,9578128,9693128,8826,9701954,2006
"2937","E",927393,8732767,9660160,10000,9670160,2006
"2938","EXPN",0,450,450,139833,140283,2006
"2939","E",140531,0,140531,0,140531,2006
"2940","E",46398,44000,90398,0,90398,2006
"2941","E",174000,7500,181500,6141,187641,2006
"2942","E",120813,124340,245153,37000,282153,2006
"2943","E",197550,281000,478550,0,478550,2006
"2944","E",45000,0,45000,4650,49650,2006
"2945","E",124021,43000,167021,1000,168021,2006
"2946","E",36580,33000,69580,0,69580,2006
"2947","E",1262477,4915098,6177575,0,6177575,2006
"2948","T",1572657,15055898,16628555,60075,16688630,2006
"2949","T",78399,19404159,19482558,317000,19799558,2006
"2950","T",615052,17336280,17951332,0,17951332,2006
"2951","E",406073,26835732,27241805,0,27241805,2006
"2952","T",858146,37407752,38265898,275000,38540898,2006
"2953","T",34780,3048876,3083656,1641000,4724656,2006
"2954","T",301363,31702827,32004190,2184700,34188890,2006
"2955","E",66000,20100212,20166212,81000,20247212,2006
"2956","T",89008,9491268,9580276,36000,9616276,2006
"2957","T",21500,6802299,6823799,2000,6825799,2006
"2958","T",151056,4736236,4887292,0,4887292,2006
"2959","E",0,3374670,3374670,240000,3614670,2006
"2960","T",148764,10997267,11146031,70075,11216106,2006
"2961","T",565400,17025335,17590735,2720000,20310735,2006
"2962","E",81508,16232639,16314147,1430000,17744147,2006
"2963","T",81508,4659965,4741473,0,4741473,2006
"2964","E",100,638644,638744,0,638744,2006
"2965","T",0,2077,2077,0,2077,2006
"2966","T",19899,72974,92873,11238,104111,2006
"2967","T",20000,300,20300,1000,21300,2006
"2968","T",4500,58641,63141,1000,64141,2006
"2969","E",1000,4154,5154,0,5154,2006
"2970","E",45200,4804,50004,3800,53804,2006
"2971","E",48200,2077,50277,0,50277,2006
"2972","T",0,744950,744950,1217,746167,2006
"2973","E",267950,84033,351983,115700,467683,2006
"2974","T",9700,2547,12247,250,12497,2006
"2975","T",437907,2443807,2881714,0,2881714,2006
"2976","T",136000,543000,679000,7100,686100,2006
"2977","T",21243,20000,41243,0,41243,2006
"2978","T",451000,13080,464080,10000,474080,2006
"2979","E",72582,0,72582,0,72582,2006
"2980","E",12143,15000,27143,0,27143,2006
"2981","T",176688,56038,232726,0,232726,2006
"2982","E",7179,0,7179,0,7179,2006
"2983","T",81308,2873249,2954557,1093000,4047557,2006
"2984","E",0,2930322,2930322,233113,3163435,2006
"2985","T",0,2814822,2814822,0,2814822,2006
"2986","T",0,4053317,4053317,0,4053317,2006
"2987","T",87008,8502749,8589757,80648,8670405,2006
"2988","T",402766,25437374,25840140,0,25840140,2006
"2989","T",527654,31483816,32011470,21075,32032545,2006
"2990","T",325370,12700964,13026334,70075,13096409,2006
"2991","T",153041,5520192,5673233,45000,5718233,2006
"2992","T",331409,28940195,29271604,1898000,31169604,2006
"2993","E",35317,3400,38717,32500,71217,2006
"2994","E",4500,21654,26154,0,26154,2006
"2995","T",291000,1089246,1380246,5595,1385841,2006
"2996","E",1099753,37615598,38715351,177631,38892982,2006
"2997","E",1442200,546382,1988582,79324,2067906,2006
"2998","E",280936,8296997,8577933,536000,9113933,2006
"2999","E",48000,282130,330130,0,330130,2006
"3000","E",369514,3583500,3953014,5500,3958514,2006
"3001","E",54867,2000,56867,4500,61367,2006
"3002","E",599701,9650302,10250003,290592,10540595,2006
"3003","T",39601,33000,72601,23500,96101,2006
"3004","E",367514,3383500,3751014,4000,3755014,2006
"3005","T",113700,71000,184700,0,184700,2006
"3006","E",147000,406500,553500,25000,578500,2006
"3007","T",668000,12000,680000,3e+05,980000,2006
"3008","T",5433715,17326647,22760362,1103524,23863886,2006
"3009","T",515000,49400,564400,76800,641200,2006
"3010","T",2785,269806,272591,159901,432492,2006
"3011","T",702023,1903051,2605074,9500,2614574,2006
"3012","T",9060,31000,40060,22000,62060,2006
"3013","T",52719,123000,175719,3000,178719,2006
"3014","E",500333,26030,526363,3000,529363,2006
"3015","EXPN",0,7006,7006,0,7006,2006
"3016","E",1700,2077,3777,0,3777,2006
"3017","T",51900,26115,78015,2500,80515,2006
"3018","E",75791,8125,83916,26329,110245,2006
"3019","E",1700,2077,3777,0,3777,2006
"3020","T",51900,26115,78015,2500,80515,2006
"3021","E",75791,8125,83916,26329,110245,2006
"3022","EXPN",0,3670,3670,8000,11670,2006
"3023","E",100549,1903,102452,4079,106531,2006
"3024","E",8018,2077,10095,500,10595,2006
"3025","E",8400,2282,10682,0,10682,2006
"3026","E",2700,2282,4982,0,4982,2006
"3027","E",2500,2282,4782,0,4782,2006
"3028","E",35600,0,35600,0,35600,2006
"3029","EXPN",1800,0,1800,0,1800,2006
"3030","E",17600,2077,19677,100,19777,2006
"3031","EXPN",0,300,300,3000,3300,2006
"3032","E",144100,22287,166387,55276,221663,2006
"3033","E",0,2282,2282,0,2282,2006
"3034","E",24000,27782,51782,0,51782,2006
"3035","E",24000,70782,94782,500,95282,2006
"3036","EXPN",0,3700,3700,0,3700,2006
"3037","E",79646,174643,254289,4879,259168,2006
"3038","E",0,2282,2282,0,2282,2006
"3039","E",1700,2077,3777,0,3777,2006
"3040","E",63400,8577,71977,46479,118456,2006
"3041","E",67400,10587,77987,0,77987,2006
"3042","E",200306,10882,211188,14333,225521,2006
"3043","T",8500,2477,10977,0,10977,2006
"3044","T",23000,2107,25107,0,25107,2006
"3045","E",115200,9077,124277,236699,360976,2006
"3046","E",339900,658149,998049,59670,1057719,2006
"3047","E",3800,6077,9877,0,9877,2006
"3048","E",49500,2077,51577,0,51577,2006
"3049","EXPN",0,305,305,0,305,2006
"3050","E",24400,2832,27232,0,27232,2006
"3051","E",176500,230997,407497,1400,408897,2006
"3052","T",1000,17077,18077,800,18877,2006
"3053","E",1800,2077,3877,800,4677,2006
"3054","E",54900,2502,57402,1000,58402,2006
"3055","E",52000,3327,55327,1000,56327,2006
"3056","E",19091,164491,183582,800,184382,2006
"3057","E",23791,166773,190564,800,191364,2006
"3058","T",23100,17732,40832,0,40832,2006
"3059","E",153046,137992,291038,33842,324880,2006
"3060","E",112249,92991,205240,27151,232391,2006
"3061","E",134900,23851,158751,30000,188751,2006
"3062","T",112200,79921,192121,0,192121,2006
"3063","E",27891,171373,199264,3679,202943,2006
"3064","EXPN",0,3500,3500,0,3500,2006
"3065","E",29391,170673,200064,3679,203743,2006
"3066","E",2900,52314,55214,5000,60214,2006
"3067","EXPN",0,205,205,0,205,2006
"3068","E",29391,168218,197609,842,198451,2006
"3069","E",110058,5197,115255,22015,137270,2006
"3070","E",5100,2077,7177,0,7177,2006
"3071","E",100,6077,6177,0,6177,2006
"3072","E",71291,166873,238164,1500,239664,2006
"3073","E",0,2077,2077,0,2077,2006
"3074","E",23100,2282,25382,0,25382,2006
"3075","E",53200,4002,57202,1000,58202,2006
"3076","E",66291,6429,72720,2842,75562,2006
"3077","E",74758,183023,257781,800,258581,2006
"3078","E",1800,2077,3877,1000,4877,2006
"3079","E",122900,186132,309032,5000,314032,2006
"3080","E",131500,97511,229011,12000,241011,2006
"3081","T",1000,2077,3077,5112,8189,2006
"3082","E",2500,51110,53610,10050,63660,2006
"3083","E",62800,3502,66302,1000,67302,2006
"3084","E",10000,52077,62077,0,62077,2006
"3085","E",50158,170491,220649,1500,222149,2006
"3086","E",51000,16008,67008,42640,109648,2006
"3087","E",123832,27650,151482,3200,154682,2006
"3088","E",40700,27882,68582,0,68582,2006
"3089","T",17000,25815,42815,0,42815,2006
"3090","E",43487,19809,63296,41647,104943,2006
"3091","E",18800,2657,21457,37200,58657,2006
"3092","E",0,17577,17577,0,17577,2006
"3093","E",86600,25815,112415,0,112415,2006
"3094","E",7900,3182,11082,0,11082,2006
"3095","E",69853,132421,202274,90832,293106,2006
"3096","E",0,300501,300501,0,300501,2006
"3097","E",5000,186715,191715,12000,203715,2006
"3098","E",100,2282,2382,0,2382,2006
"3099","E",18100,0,18100,24500,42600,2006
"3100","T",0,2077,2077,0,2077,2006
"3101","E",112840,6244,119084,0,119084,2006
"3102","E",0,2077,2077,0,2077,2006
"3103","E",3000,2077,5077,0,5077,2006
"3104","E",0,2077,2077,0,2077,2006
"3105","EXPN",100,0,100,42,142,2006
"3106","E",5800,3182,8982,0,8982,2006
"3107","T",0,2252,2252,0,2252,2006
"3108","E",0,2077,2077,0,2077,2006
"3109","T",0,2077,2077,0,2077,2006
"3110","T",51000,0,51000,0,51000,2006
"3111","E",0,621,621,0,621,2006
"3112","T",291654,35788,327442,0,327442,2006
"3113","T",3000,0,3000,10000,13000,2006
"3114","T",51500,0,51500,18160,69660,2006
"3115","E",26000,525,26525,2500,29025,2006
"3116","E",114138,1000,115138,500,115638,2006
"3117","T",34600,0,34600,0,34600,2006
"3118","T",1700,416,2116,0,2116,2006
"3119","T",9900,416,10316,0,10316,2006
"3120","E",0,9000,9000,4650,13650,2006
"3121","E",8720,104328,113048,0,113048,2006
"3122","T",10000,416,10416,0,10416,2006
"3123","E",14200,2252,16452,0,16452,2006
"3124","E",281008,82979,363987,0,363987,2006
"3125","E",345,50,395,5625,6020,2006
"3126","E",41104,444024,485128,0,485128,2006
"3127","E",0,0,0,350,350,2006
"3128","E",49079,5444,54523,0,54523,2006
"3129","E",256392,77124,333516,0,333516,2006
"3130","E",0,9000,9000,0,9000,2006
"3131","E",0,9000,9000,0,9000,2006
"3132","E",0,0,0,350,350,2006
"3133","E",118746,215086,333832,35497,369329,2006
"3134","E",2000,240,2240,5102,7342,2006
"3135","E",29000,240,29240,5734,34974,2006
"3136","E",40000,846,40846,5734,46580,2006
"3137","T",20353,0,20353,0,20353,2006
"3138","E",3000,240,3240,5251,8491,2006
"3139","E",32500,0,32500,100,32600,2006
"3140","E",12000,240,12240,5102,17342,2006
"3141","E",50789,175,50964,0,50964,2006
"3142","E",31000,240,31240,5102,36342,2006
"3143","T",643930,1652182,2296112,2500,2298612,2006
"3144","T",8791,0,8791,0,8791,2006
"3145","E",36361,3300,39661,0,39661,2006
"3146","E",5191,0,5191,0,5191,2006
"3147","E",6871,49000,55871,0,55871,2006
"3148","E",353289,50960,404249,0,404249,2006
"3149","E",240000,334434,574434,247064,821498,2006
"3150","E",34206,0,34206,0,34206,2006
"3151","E",2750,0,2750,0,2750,2006
"3152","E",6513,312000,318513,0,318513,2006
"3153","E",36045,11038,47083,25500,72583,2006
"3154","E",0,1000,1000,0,1000,2006
"3155","T",252516,57301,309817,0,309817,2006
"3156","E",43663,160000,203663,0,203663,2006
"3157","E",25274,51682,76956,0,76956,2006
"3158","E",141300,150991,292291,1717,294008,2006
"3159","E",7737,0,7737,0,7737,2006
"3160","E",457500,2827,460327,0,460327,2006
"3161","E",104436,26000,130436,0,130436,2006
"3162","E",2856,28506,31362,0,31362,2006
"3163","E",335300,18269,353569,28598,382167,2006
"3164","E",135497,0,135497,0,135497,2006
"3165","E",10790,175,10965,0,10965,2006
"3166","E",3000,150080,153080,5102,158182,2006
"3167","E",3000,150080,153080,5102,158182,2006
"3168","E",3100,13000,16100,0,16100,2006
"3169","T",15571,20000,35571,0,35571,2006
"3170","T",17272,33000,50272,0,50272,2006
"3171","E",36365,0,36365,0,36365,2006
"3172","E",36365,0,36365,0,36365,2006
"3173","E",36365,0,36365,0,36365,2006
"3174","E",36365,0,36365,0,36365,2006
"3175","E",36365,0,36365,0,36365,2006
"3176","T",36365,0,36365,0,36365,2006
"3177","E",36365,0,36365,0,36365,2006
"3178","E",36365,0,36365,0,36365,2006
"3179","E",36365,0,36365,0,36365,2006
"3180","E",36365,0,36365,0,36365,2006
"3181","E",36365,0,36365,0,36365,2006
"3182","E",36365,0,36365,0,36365,2006
"3183","E",88255,108600,196855,15000,211855,2006
"3184","E",201464,0,201464,0,201464,2006
"3185","T",1018,19011,20029,0,20029,2006
"3186","T",160524,3200,163724,3500,167224,2006
"3187","E",10420,0,10420,0,10420,2006
"3188","T",92541,2233,94774,4147,98921,2006
"3189","E",0,8600,8600,12700,21300,2006
"3190","E",0,240,240,5251,5491,2006
"3191","E",20000,240,20240,5251,25491,2006
"3192","E",3000,0,3000,5788,8788,2006
"3193","E",3000,160,3160,5251,8411,2006
"3194","E",3000,160,3160,6925,10085,2006
"3195","E",3000,215160,218160,5400,223560,2006
"3196","E",3000,160,3160,5788,8948,2006
"3197","E",12000,160,12160,5788,17948,2006
"3198","E",3000,160,3160,6925,10085,2006
"3199","E",35475,4000,39475,0,39475,2006
"3200","E",22100,416,22516,0,22516,2006
"3201","E",6000,160,6160,5788,11948,2006
"3202","E",9408,0,9408,0,9408,2006
"3203","E",0,0,0,270,270,2006
"3204","E",30975,4000,34975,0,34975,2006
"3205","E",0,9000,9000,0,9000,2006
"3206","E",29000,160,29160,5400,34560,2006
"3207","E",25400,2314,27714,700,28414,2006
"3208","E",3500,2077,5577,500,6077,2006
"3209","E",63000,2197,65197,0,65197,2006
"3210","E",8204,1000,9204,23000,32204,2006
"3211","E",87284,11000,98284,1500,99784,2006
"3212","E",78553,9000,87553,0,87553,2006
"3213","E",2904,297592,300496,0,300496,2006
"3214","E",1009,299605,300614,0,300614,2006
"3215","T",865213,508250,1373463,4500,1377963,2006
"3216","E",17854,0,17854,750,18604,2006
"3217","T",15190,0,15190,533,15723,2006
"3218","E",0,0,0,350,350,2006
"3219","E",5500,103292,108792,0,108792,2006
"3220","E",45422,5000,50422,0,50422,2006
"3221","E",5400,12542,17942,0,17942,2006
"3222","T",1100,2077,3177,0,3177,2006
"3223","E",611967,132750,744717,0,744717,2006
"3224","DO",0,100,100,750,850,2006
"3225","E",7000,0,7000,79,7079,2006
"3226","E",6493,123,6616,79,6695,2006
"3227","E",2300,0,2300,79,2379,2006
"3228","E",5000,0,5000,79,5079,2006
"3229","E",600,45862,46462,987,47449,2006
"3230","E",7500,0,7500,79,7579,2006
"3231","E",11152,4500,15652,79,15731,2006
"3232","E",500,7257,7757,79,7836,2006
"3233","E",500,0,500,3825,4325,2006
"3234","E",600,0,600,79,679,2006
"3235","E",4167,0,4167,79,4246,2006
"3236","E",500,0,500,79,579,2006
"3237","E",5000,9600,14600,753,15353,2006
"3238","E",0,3594,3594,0,3594,2006
"3239","T",39700,186345,226045,1750,227795,2006
"3240","E",0,56,56,15000,15056,2006
"3241","E",22000,8498,30498,10033,40531,2006
"3242","T",10373,201813,212186,2000,214186,2006
"3243","T",4000,2577,6577,1500,8077,2006
"3244","E",6100,2077,8177,0,8177,2006
"3245","T",91000,26324,117324,16904,134228,2006
"3246","E",4600,416,5016,0,5016,2006
"3247","E",8900,5916,14816,0,14816,2006
"3248","E",1800,231588,233388,753,234141,2006
"3249","E",7100,0,7100,3825,10925,2006
"3250","T",500,0,500,3825,4325,2006
"3251","E",5500,14576,20076,0,20076,2006
"3252","E",7000,9164,16164,554,16718,2006
"3253","E",5500,0,5500,753,6253,2006
"3254","E",40000,0,40000,7965,47965,2006
"3255","E",3500,8600,12100,5518,17618,2006
"3256","E",7793,236986,244779,2570,247349,2006
"3257","E",0,6833,6833,0,6833,2006
"3258","E",128187,56,128243,0,128243,2006
"3259","E",1700,416,2116,0,2116,2006
"3260","T",9400,1705,11105,1000,12105,2006
"3261","E",16000,26250,42250,0,42250,2006
"3262","E",207,1300,1507,0,1507,2006
"3263","E",1100,0,1100,0,1100,2006
"3264","E",15200,72416,87616,0,87616,2006
"3265","E",9665,5500,15165,0,15165,2006
"3266","E",0,7333,7333,0,7333,2006
"3267","T",8339,1000,9339,0,9339,2006
"3268","E",10132,158500,168632,2000,170632,2006
"3269","E",16470,24070,40540,0,40540,2006
"3270","E",103588,0,103588,0,103588,2006
"3271","T",6400,61416,67816,0,67816,2006
"3272","E",890,866,1756,500,2256,2006
"3273","T",9921,9230,19151,0,19151,2006
"3274","E",1000,0,1000,0,1000,2006
"3275","T",1000,621,1621,0,1621,2006
"3276","T",41700,21737,63437,5000,68437,2006
"3277","E",19929,0,19929,0,19929,2006
"3278","E",42100,2977,45077,0,45077,2006
"3279","E",46000,7000,53000,7943,60943,2006
"3280","E",27000,11498,38498,11735,50233,2006
"3281","T",3654,33000,36654,0,36654,2006
"3282","T",600,2976,3576,0,3576,2006
"3283","E",12000,416,12416,0,12416,2006
"3284","E",2000,1050,3050,750,3800,2006
"3285","T",236321,0,236321,0,236321,2006
"3286","E",500,0,500,79,579,2006
"3287","E",500,0,500,79,579,2006
"3288","E",7737,0,7737,0,7737,2006
"3289","E",4500,11000,15500,0,15500,2006
"3290","T",10100,307000,317100,0,317100,2006
"3291","E",1200,0,1200,0,1200,2006
"3292","T",22138,0,22138,0,22138,2006
"3293","T",81194,87345,168539,17300,185839,2006
"3294","E",6680,9655,16335,0,16335,2006
"3295","E",19929,0,19929,0,19929,2006
"3296","E",0,0,0,6500,6500,2006
"3297","T",13500,303080,316580,0,316580,2006
"3298","E",18199,11000,29199,0,29199,2006
"3299","E",24527,3107,27634,3030,30664,2006
"3300","T",42300,525,42825,11002,53827,2006
"3301","E",0,9655,9655,0,9655,2006
"3302","E",8074,6833,14907,0,14907,2006
"3303","E",1000,60,1060,0,1060,2006
"3304","T",39254,72964,112218,0,112218,2006
"3305","T",25236,38000,63236,0,63236,2006
"3306","T",17900,40416,58316,0,58316,2006
"3307","T",0,416,416,600,1016,2006
"3308","E",4219,91703,95922,0,95922,2006
"3309","E",20000,920,20920,750,21670,2006
"3310","E",1263,500,1763,5000,6763,2006
"3311","E",5000,1600,6600,7745,14345,2006
"3312","E",0,6100,6100,0,6100,2006
"3313","T",0,3450,3450,3200,6650,2006
"3314","T",36000,180,36180,0,36180,2006
"3315","E",14100,0,14100,0,14100,2006
"3316","E",6344,14000,20344,0,20344,2006
"3317","E",2000,143380,145380,0,145380,2006
"3318","T",0,8720,8720,0,8720,2006
"3319","T",0,0,0,8752,8752,2006
"3320","T",69,24500,24569,0,24569,2006
"3321","E",0,0,0,2450,2450,2006
"3322","E",45000,4220,49220,750,49970,2006
"3323","E",28000,2100,30100,750,30850,2006
"3324","E",4000,60000,64000,750,64750,2006
"3325","E",5000,7006,12006,0,12006,2006
"3326","T",17000,14106,31106,750,31856,2006
"3327","E",0,102080,102080,7048,109128,2006
"3328","E",280000,8498,288498,26546,315044,2006
"3329","E",0,7500,7500,34564,42064,2006
"3330","T",15621,27101,42722,0,42722,2006
"3331","T",0,2066,2066,0,2066,2006
"3332","E",9000,65666,74666,0,74666,2006
"3333","E",11800,591,12391,2000,14391,2006
"3334","E",4000,416,4416,0,4416,2006
"3335","E",0,250,250,8242,8492,2006
"3336","T",112961,186997,299958,16200,316158,2006
"3337","E",13188,0,13188,0,13188,2006
"3338","E",17662,35000,52662,800,53462,2006
"3339","T",7997,0,7997,0,7997,2006
"3340","T",22924,0,22924,0,22924,2006
"3341","E",14997,3264,18261,554,18815,2006
"3342","E",118800,618999,737799,4450,742249,2006
"3343","E",17161,22500,39661,0,39661,2006
"3344","E",7997,1120,9117,0,9117,2006
"3345","T",104750,29754,134504,0,134504,2006
"3346","E",0,0,0,900,900,2006
"3347","E",17295,7171,24466,0,24466,2006
"3348","T",3700,0,3700,0,3700,2006
"3349","E",1000,0,1000,0,1000,2006
"3350","E",29590,0,29590,0,29590,2006
"3351","E",0,45000,45000,0,45000,2006
"3352","T",15603,500,16103,400,16503,2006
"3353","E",0,4150,4150,750,4900,2006
"3354","E",0,244,244,0,244,2006
"3355","E",91700,94533,186233,4153,190386,2006
"3356","E",13742,0,13742,0,13742,2006
"3357","T",6000,0,6000,0,6000,2006
"3358","E",176652,88441,265093,2000,267093,2006
"3359","E",18500,2428,20928,0,20928,2006
"3360","T",0,500,500,2450,2950,2006
"3361","T",0,0,0,15000,15000,2006
"3362","E",3869,56,3925,0,3925,2006
"3363","T",31000,2136,33136,750,33886,2006
"3364","T",1500,769,2269,4004,6273,2006
"3365","T",43000,18436,61436,0,61436,2006
"3366","T",19929,14407,34336,0,34336,2006
"3367","E",184306,55669,239975,0,239975,2006
"3368","E",63000,7200,70200,8970,79170,2006
"3369","E",79429,29150,108579,0,108579,2006
"3370","E",10000,0,10000,7347,17347,2006
"3371","E",84400,2252,86652,1500,88152,2006
"3372","T",0,1000,1000,0,1000,2006
"3373","T",2236,1000,3236,0,3236,2006
"3374","E",5191,0,5191,0,5191,2006
"3375","T",1000,7333,8333,0,8333,2006
"3376","T",0,1000,1000,0,1000,2006
"3377","T",2236,1000,3236,200,3436,2006
"3378","T",5191,35000,40191,0,40191,2006
"3379","E",1000,0,1000,0,1000,2006
"3380","E",16070,0,16070,0,16070,2006
"3381","E",18969,500,19469,0,19469,2006
"3382","T",41402,50000,91402,0,91402,2006
"3383","E",8369,13907,22276,0,22276,2006
"3384","E",4474,33000,37474,0,37474,2006
"3385","T",4000,4212,8212,750,8962,2006
"3386","T",73388,82398,155786,12200,167986,2006
"3387","E",24000,300,24300,7657,31957,2006
"3388","E",4500,0,4500,0,4500,2006
"3389","E",0,6833,6833,0,6833,2006
"3390","E",28000,382000,410000,100,410100,2006
"3391","E",11625,600,12225,3490,15715,2006
"3392","E",500,8610,9110,79,9189,2006
"3393","E",126091,41500,167591,10498,178089,2006
"3394","E",1242,7083,8325,0,8325,2006
"3395","E",48861,18632,67493,0,67493,2006
"3396","E",1200,0,1200,0,1200,2006
"3397","T",3600,11000,14600,0,14600,2006
"3398","T",4000,4600,8600,100,8700,2006
"3399","E",314600,0,314600,0,314600,2006
"3400","T",21200,12000,33200,0,33200,2006
"3401","E",26330,0,26330,400,26730,2006
"3402","E",55007,115300,170307,6800,177107,2006
"3403","T",13000,416,13416,0,13416,2006
"3404","E",10200,416,10616,0,10616,2006
"3405","T",21999,2400,24399,0,24399,2006
"3406","E",16878,500,17378,0,17378,2006
"3407","E",14525,1400,15925,0,15925,2006
"3408","E",12400,3486,15886,0,15886,2006
"3409","E",30100,678,30778,0,30778,2006
"3410","T",4000,1500,5500,750,6250,2006
"3411","T",16236,0,16236,0,16236,2006
"3412","E",19006,45862,64868,79,64947,2006
"3413","E",2500,0,2500,79,2579,2006
"3414","E",500,0,500,753,1253,2006
"3415","E",6393,7134,13527,79,13606,2006
"3416","E",11167,0,11167,79,11246,2006
"3417","E",13393,7257,20650,79,20729,2006
"3418","E",25958,4623,30581,987,31568,2006
"3419","E",9350,107852,117202,1448,118650,2006
"3420","E",14405,0,14405,4594,18999,2006
"3421","E",9393,6150,15543,79,15622,2006
"3422","E",500,45862,46362,247,46609,2006
"3423","E",500,45862,46362,247,46609,2006
"3424","E",20152,4500,24652,79,24731,2006
"3425","E",7000,107852,114852,247,115099,2006
"3426","E",15152,4500,19652,79,19731,2006
"3427","E",500,0,500,79,579,2006
"3428","E",8393,0,8393,79,8472,2006
"3429","E",1725,0,1725,987,2712,2006
"3430","E",5165,0,5165,3701,8866,2006
"3431","E",7500,0,7500,79,7579,2006
"3432","T",500,0,500,79,579,2006
"3433","E",500,0,500,79,579,2006
"3434","E",22387,5000,27387,3701,31088,2006
"3435","E",1725,45862,47587,987,48574,2006
"3436","E",3500,0,3500,5246,8746,2006
"3437","E",9350,107852,117202,1448,118650,2006
"3438","E",20231,0,20231,987,21218,2006
"3439","E",4000,0,4000,79,4079,2006
"3440","E",1869,41500,43369,6411,49780,2006
"3441","E",13500,0,13500,0,13500,2006
"3442","E",19345,8788,28133,2435,30568,2006
"3443","E",5000,9600,14600,753,15353,2006
"3444","E",5000,5000,10000,5518,15518,2006
"3445","E",3425,0,3425,79,3504,2006
"3446","E",500,0,500,987,1487,2006
"3447","E",8125,107852,115977,79,116056,2006
"3448","E",3665,8600,12265,4594,16859,2006
"3449","T",500,0,500,79,579,2006
"3450","E",11062,4500,15562,79,15641,2006
"3451","E",5906,0,5906,987,6893,2006
"3452","E",1900,45862,47762,79,47841,2006
"3453","E",3665,8600,12265,3701,15966,2006
"3454","E",500,45862,46362,79,46441,2006
"3455","T",20000,43456,63456,0,63456,2006
"3456","T",0,416,416,0,416,2006
"3457","E",1300,0,1300,3825,5125,2006
"3458","E",2500,0,2500,79,2579,2006
"3459","E",4000,0,4000,3825,7825,2006
"3460","E",1000,0,1000,0,1000,2006
"3461","E",500,0,500,753,1253,2006
"3462","E",1000,0,1000,0,1000,2006
"3463","E",1800,236386,238186,5518,243704,2006
"3464","T",13145,93194,106339,200,106539,2006
"3465","E",12000,0,12000,0,12000,2006
"3466","E",1200,0,1200,0,1200,2006
"3467","E",500,0,500,3825,4325,2006
"3468","E",1125,9655,10780,0,10780,2006
"3469","E",15000,1400,16400,0,16400,2006
"3470","T",18800,4900,23700,200,23900,2006
"3471","E",13100,416,13516,0,13516,2006
"3472","E",500,6150,6650,753,7403,2006
"3473","T",8309,0,8309,0,8309,2006
"3474","E",6000,0,6000,0,6000,2006
"3475","E",53129,7000,60129,0,60129,2006
"3476","E",5191,0,5191,0,5191,2006
"3477","T",13528,0,13528,1300,14828,2006
"3478","E",2500,45862,48362,987,49349,2006
"3479","E",2500,0,2500,79,2579,2006
"3480","E",11152,4500,15652,79,15731,2006
"3481","E",2500,0,2500,79,2579,2006
"3482","E",7000,0,7000,79,7079,2006
"3483","E",17752,112352,130104,554,130658,2006
"3484","E",3056,0,3056,4347,7403,2006
"3485","E",16905,40000,56905,6886,63791,2006
"3486","E",600,0,600,3825,4425,2006
"3487","E",8300,231588,239888,753,240641,2006
"3488","E",22387,6000,28387,4594,32981,2006
"3489","E",15000,0,15000,79,15079,2006
"3490","E",15674,40500,56174,5518,61692,2006
"3491","E",500,0,500,3825,4325,2006
"3492","E",500,1000,1500,79,1579,2006
"3493","E",500,0,500,3825,4325,2006
"3494","E",8167,0,8167,79,8246,2006
"3495","E",2000,45862,47862,79,47941,2006
"3496","T",500,0,500,3825,4325,2006
"3497","E",18152,4500,22652,79,22731,2006
"3498","E",500,7857,8357,79,8436,2006
"3499","E",500,0,500,79,579,2006
"3500","E",1869,10264,12133,75993,88126,2006
"3501","E",500,1000,1500,3701,5201,2006
"3502","E",11800,53119,64919,4499,69418,2006
"3503","E",500,0,500,3825,4325,2006
"3504","E",23921,4500,28421,5518,33939,2006
"3505","E",8500,120516,129016,79,129095,2006
"3506","E",0,930,930,750,1680,2006
"3507","E",26000,7120,33120,8456,41576,2006
"3508","T",113003,219120,332123,6550,338673,2006
"3509","E",12382,0,12382,6500,18882,2006
"3510","E",2580,9655,12235,0,12235,2006
"3511","E",4000,100,4100,79,4179,2006
"3512","E",500,0,500,79,579,2006
"3513","E",13394,89588,102982,700,103682,2006
"3514","E",14100,831,14931,0,14931,2006
"3515","E",46500,416,46916,500,47416,2006
"3516","E",0,416,416,0,416,2006
"3517","E",0,17500,17500,0,17500,2006
"3518","E",5000,0,5000,79,5079,2006
"3519","E",0,1000,1000,5500,6500,2006
"3520","E",4632,0,4632,0,4632,2006
"3521","E",85600,6200,91800,1700,93500,2006
"3522","E",21607,0,21607,0,21607,2006
"3523","T",1000,0,1000,0,1000,2006
"3524","E",53240,94500,147740,0,147740,2006
"3525","E",8000,224030,232030,0,232030,2006
"3526","E",17944,0,17944,0,17944,2006
"3527","E",500,0,500,79,579,2006
"3528","E",4769,4021,8790,753,9543,2006
"3529","E",8500,107852,116352,79,116431,2006
"3530","E",9167,0,9167,79,9246,2006
"3531","E",1056,0,1056,601,1657,2006
"3532","E",500,0,500,79,579,2006
"3533","E",3500,0,3500,4594,8094,2006
"3534","E",2500,0,2500,3825,6325,2006
"3535","E",0,19588,19588,0,19588,2006
"3536","T",296117,109019,405136,0,405136,2006
"3537","E",1242,0,1242,0,1242,2006
"3538","E",2100,0,2100,0,2100,2006
"3539","E",17893,107852,125745,79,125824,2006
"3540","T",38633,2300,40933,3825,44758,2006
"3541","E",0,2103,2103,0,2103,2006
"3542","E",0,500,500,0,500,2006
"3543","E",29265,1500,30765,4000,34765,2006
"3544","E",345,0,345,2000,2345,2006
"3545","T",1000,0,1000,0,1000,2006
"3546","E",32000,0,32000,8540,40540,2006
"3547","T",79608,51000,130608,15000,145608,2006
"3548","T",5576,500,6076,0,6076,2006
"3549","T",10211,0,10211,3500,13711,2006
"3550","E",0,2000,2000,0,2000,2006
"3551","E",16176,11833,28009,0,28009,2006
"3552","E",500,0,500,79,579,2006
"3553","E",11194,120416,131610,8255,139865,2006
"3554","E",500,0,500,79,579,2006
"3555","E",1625,2664,4289,540,4829,2006
"3556","E",59380,10000,69380,5000,74380,2006
"3557","E",41240,0,41240,0,41240,2006
"3558","E",26330,0,26330,6000,32330,2006
"3559","E",4000,2139,6139,0,6139,2006
"3560","E",14625,118852,133477,10184,143661,2006
"3561","E",350,0,350,0,350,2006
"3562","E",350,8950,9300,0,9300,2006
"3563","E",10900,2000,12900,0,12900,2006
"3564","T",8309,36000,44309,0,44309,2006
"3565","E",60904,0,60904,800,61704,2006
"3566","E",176042,5000,181042,2000,183042,2006
"3567","E",19929,0,19929,0,19929,2006
"3568","T",3869,31000,34869,0,34869,2006
"3569","T",0,90,90,0,NA,2006
"3570","E",54000,18506,72506,750,73256,2006
"3571","E",11000,2233,13233,1100,14333,2006
"3572","E",3869,217796,221665,200,221865,2006
"3573","E",8119,1500,9619,0,9619,2006
"3574","E",188,25000,25188,0,25188,2006
"3575","T",28914,235500,264414,1250,265664,2006
"3576","E",15000,5100,20100,750,20850,2006
"3577","E",48000,125399,173399,0,173399,2006
"3578","E",0,1000,1000,2200,3200,2006
"3579","E",7056,0,7056,18000,25056,2006
"3580","E",17600,0,17600,0,17600,2006
"3581","T",30104,2775,32879,5966,38845,2006
"3582","T",0,9100,9100,750,9850,2006
"3583","E",3000,0,3000,0,3000,2006
"3584","E",17000,0,17000,0,17000,2006
"3585","E",2000,0,2000,0,2000,2006
"3586","E",3000,0,3000,0,3000,2006
"3587","E",182737,132878,315615,0,315615,2006
"3588","E",2000,2112,4112,500,4612,2006
"3589","T",42352,500,42852,1500,44352,2006
"3590","E",9665,35000,44665,100,44765,2006
"3591","E",8643,0,8643,0,8643,2006
"3592","E",3000,180,3180,0,3180,2006
"3593","T",445,0,445,0,445,2006
"3594","E",2500,0,2500,79,2579,2006
"3595","E",21631,45862,67493,1448,68941,2006
"3596","E",15300,3264,18564,554,19118,2006
"3597","E",5056,0,5056,0,5056,2006
"3598","E",5056,0,5056,1500,6556,2006
"3599","T",4219,91703,95922,0,95922,2006
"3600","E",8500,107852,116352,79,116431,2006
"3601","E",500,0,500,3825,4325,2006
"3602","E",2500,0,2500,79,2579,2006
"3603","E",600,0,600,79,679,2006
"3604","E",500,0,500,3825,4325,2006
"3605","E",500,0,500,79,579,2006
"3606","E",500,10000,10500,79,10579,2006
"3607","E",500,0,500,3825,4325,2006
"3608","E",7000,107852,114852,79,114931,2006
"3609","E",500,0,500,3825,4325,2006
"3610","E",2000,70862,72862,987,73849,2006
"3611","E",37162,38000,75162,0,75162,2006
"3612","E",3500,4000,7500,79,7579,2006
"3613","E",8125,55862,63987,1448,65435,2006
"3614","E",600,0,600,4594,5194,2006
"3615","E",8125,107852,115977,987,116964,2006
"3616","E",1625,45862,47487,1448,48935,2006
"3617","E",3055,0,3055,4347,7402,2006
"3618","E",1625,0,1625,79,1704,2006
"3619","E",3200,0,3200,0,3200,2006
"3620","E",1000,0,1000,0,1000,2006
"3621","E",17752,19500,37252,9264,46516,2006
"3622","E",1000,14615,15615,0,15615,2006
"3623","E",111900,0,111900,0,111900,2006
"3624","E",1700,0,1700,0,1700,2006
"3625","E",600,0,600,3825,4425,2006
"3626","E",1200,0,1200,0,1200,2006
"3627","E",1000,0,1000,0,1000,2006
"3628","E",19006,45862,64868,987,65855,2006
"3629","E",1000,0,1000,0,1000,2006
"3630","E",4555,0,4555,4347,8902,2006
"3631","E",1765,0,1765,5518,7283,2006
"3632","E",3200,0,3200,0,3200,2006
"3633","E",11152,4500,15652,79,15731,2006
"3634","T",23900,2411,26311,22242,48553,2006
"3635","T",1000,0,1000,0,1000,2006
"3636","E",500,0,500,79,579,2006
"3637","E",2500,0,2500,3825,6325,2006
"3638","E",11425,0,11425,5502,16927,2006
"3639","E",8125,112650,120775,79,120854,2006
"3640","E",8500,107852,116352,79,116431,2006
"3641","E",15152,50362,65514,987,66501,2006
"3642","E",15125,107852,122977,1448,124425,2006
"3643","E",500,0,500,79,579,2006
"3644","E",1000,416,1416,0,1416,2006
"3645","E",1000,0,1000,0,1000,2006
"3646","E",1700,0,1700,0,1700,2006
"3647","E",1800,231588,233388,3701,237089,2006
"3648","E",600,45862,46462,79,46541,2006
"3649","E",7806,0,7806,987,8793,2006
"3650","E",8125,0,8125,1448,9573,2006
"3651","E",500,0,500,987,1487,2006
"3652","E",1000,0,1000,0,1000,2006
"3653","E",500,0,500,79,579,2006
"3654","E",3000,0,3000,79,3079,2006
"3655","E",5000,0,5000,79,5079,2006
"3656","E",600,600,1200,753,1953,2006
"3657","E",7000,0,7000,753,7753,2006
"3658","E",1400,0,1400,0,1400,2006
"3659","E",1400,0,1400,0,1400,2006
"3660","E",500,0,500,3825,4325,2006
"3661","E",1000,0,1000,0,1000,2006
"3662","E",9000,107852,116852,79,116931,2006
"3663","E",6300,242586,248886,6411,255297,2006
"3664","E",11252,4500,15752,79,15831,2006
"3665","E",10325,0,10325,0,10325,2006
"3666","E",10325,0,10325,0,10325,2006
"3667","E",500,600,1100,79,1179,2006
"3668","E",2000,45862,47862,79,47941,2006
"3669","E",9000,107852,116852,987,117839,2006
"3670","E",2500,0,2500,79,2579,2006
"3671","E",11393,0,11393,79,11472,2006
"3672","E",9393,45862,55255,987,56242,2006
"3673","E",5000,13600,18600,1661,20261,2006
"3674","E",4300,0,4300,3463,7763,2006
"3675","E",4000,0,4000,79,4079,2006
"3676","E",4665,0,4665,4594,9259,2006
"3677","E",2500,0,2500,79,2579,2006
"3678","E",6000,123,6123,79,6202,2006
"3679","E",500,0,500,79,579,2006
"3680","E",500,0,500,3825,4325,2006
"3681","E",600,0,600,3825,4425,2006
"3682","E",8500,107852,116352,79,116431,2006
"3683","E",500,45862,46362,987,47349,2006
"3684","E",500,4428,4928,79,5007,2006
"3685","E",600,0,600,79,679,2006
"3686","E",7000,45985,52985,79,53064,2006
"3687","E",28631,107852,136483,1448,137931,2006
"3688","E",4000,0,4000,3825,7825,2006
"3689","E",500,0,500,79,579,2006
"3690","E",600,0,600,3825,4425,2006
"3691","E",11500,107852,119352,4733,124085,2006
"3692","E",500,0,500,79,579,2006
"3693","E",500,0,500,79,579,2006
"3694","T",500,0,500,79,579,2006
"3695","E",500,0,500,79,579,2006
"3696","T",2000,0,2000,0,2000,2006
"3697","E",7500,0,7500,79,7579,2006
"3698","T",1800,244986,246786,753,247539,2006
"3699","E",8000,236986,244986,753,245739,2006
"3700","E",2000,0,2000,987,2987,2006
"3701","E",18752,351738,370490,753,371243,2006
"3702","E",2965,241386,244351,5518,249869,2006
"3703","E",3500,0,3500,79,3579,2006
"3704","E",2500,0,2500,79,2579,2006
"3705","E",2500,45862,48362,987,49349,2006
"3706","E",1000,0,1000,0,1000,2006
"3707","E",1800,236386,238186,753,238939,2006
"3708","E",8500,107852,116352,79,116431,2006
"3709","E",3500,600,4100,987,5087,2006
"3710","E",5500,4500,10000,79,10079,2006
"3711","T",500,1500,2000,79,2079,2006
"3712","E",500,0,500,79,579,2006
"3713","E",1000,0,1000,0,1000,2006
"3714","E",18752,236088,254840,5518,260358,2006
"3715","E",2500,0,2500,79,2579,2006
"3716","E",14152,4500,18652,79,18731,2006
"3717","E",600,45862,46462,79,46541,2006
"3718","E",3055,0,3055,601,3656,2006
"3719","E",6393,8610,15003,79,15082,2006
"3720","T",0,0,0,6750,6750,2006
"3721","E",600,0,600,79,679,2006
"3722","E",10125,107852,117977,1448,119425,2006
"3723","E",22069,19364,41433,3045,44478,2006
"3724","E",4500,0,4500,79,4579,2006
"3725","E",3869,56,3925,0,3925,2006
"3726","E",600,0,600,987,1587,2006
"3727","T",54315,29707,84022,4894,88916,2006
"3728","T",165049,66496,231545,5600,237145,2006
"3729","E",350,9006,9356,400,9756,2006
"3730","E",57819,22000,79819,1000,80819,2006
"3731","E",70600,10000,80600,1700,82300,2006
"3732","T",14525,27500,42025,300,42325,2006
"3733","T",118869,8800,127669,18100,145769,2006
"3734","T",14525,23500,38025,500,38525,2006
"3735","E",19929,0,19929,0,19929,2006
"3736","T",0,5000,5000,0,5000,2006
"3737","T",260997,132770,393767,0,393767,2006
"3738","E",20141,7633,27774,0,27774,2006
"3739","E",2000,0,2000,0,2000,2006
"3740","E",1000,0,1000,0,1000,2006
"3741","E",1000,0,1000,0,1000,2006
"3742","E",1200,0,1200,0,1200,2006
"3743","E",1200,10000,11200,0,11200,2006
"3744","E",600,0,600,0,600,2006
"3745","E",8500,107852,116352,79,116431,2006
"3746","E",500,4664,5164,79,5243,2006
"3747","E",22200,0,22200,0,22200,2006
"3748","E",2000,8077,10077,0,10077,2006
"3749","E",2000,0,2000,0,2000,2006
"3750","E",1000,0,1000,0,1000,2006
"3751","E",5000,0,5000,700,5700,2006
"3752","E",8000,27250,35250,0,35250,2006
"3753","E",27725,30500,58225,1000,59225,2006
"3754","E",59093,20000,79093,2600,81693,2006
"3755","E",7737,0,7737,0,7737,2006
"3756","E",1900,0,1900,0,1900,2006
"3757","E",0,10000,10000,0,10000,2006
"3758","E",0,6833,6833,0,6833,2006
"3759","E",444,2000,2444,0,2444,2006
"3760","E",48000,22300,70300,8550,78850,2006
"3761","E",41071,1200,42271,4400,46671,2006
"3762","T",8100,48000,56100,0,56100,2006
"3763","E",3500,4500,8000,79,8079,2006
"3764","T",62110,6590,68700,2500,71200,2006
"3765","E",12900,175,13075,0,13075,2006
"3766","E",188976,77725,266701,0,266701,2006
"3767","E",0,0,0,6750,6750,2006
"3768","E",41000,591,41591,0,41591,2006
"3769","E",33500,9006,42506,0,42506,2006
"3770","E",8700,416,9116,0,9116,2006
"3771","E",17500,0,17500,0,17500,2006
"3772","T",55988,57965,113953,5614,119567,2006
"3773","E",8000,111000,119000,0,119000,2006
"3774","E",28600,3750,32350,0,32350,2006
"3775","E",1394,350,1744,0,1744,2006
"3776","E",175100,1472380,1647480,5000,1652480,2006
"3777","E",0,0,0,6750,6750,2006
"3778","E",56461,5300,61761,0,61761,2006
"3779","E",21862,240886,262748,753,263501,2006
"3780","E",25000,41080,66080,0,66080,2006
"3781","E",0,356,356,11521,11877,2006
"3782","T",39900,157655,197555,0,197555,2006
"3783","E",11970,0,11970,0,11970,2006
"3784","E",6800,250486,257286,0,257286,2006
"3785","E",27500,2655,30155,339,30494,2006
"3786","E",28000,3750,31750,0,31750,2006
"3787","E",1000,500,1500,0,1500,2006
"3788","T",0,11,11,0,NA,2006
"3789","E",26819,14500,41319,79,41398,2006
"3790","T",5295,0,5295,0,5295,2006
"3791","E",7000,11264,18264,79,18343,2006
"3792","E",3600,175,3775,3000,6775,2006
"3793","E",0,6,6,0,NA,2006
"3794","T",4000,3000,7000,0,7000,2006
"3795","E",2000,0,2000,0,2000,2006
"3796","E",5500,0,5500,79,5579,2006
"3797","E",4500,0,4500,0,4500,2006
"3798","E",1000,90,1090,0,1090,2006
"3799","E",22000,2450,24450,0,24450,2006
"3800","E",4182,0,4182,0,4182,2006
"3801","E",2800,7000,9800,1100,10900,2006
"3802","E",2690,0,2690,634,3324,2006
"3803","E",5934,9900,15834,0,15834,2006
"3804","T",31000,2933,33933,0,33933,2006
"3805","E",8000,0,8000,0,8000,2006
"3806","E",4500,0,4500,0,4500,2006
"3807","T",0,0,0,100,100,2006
"3808","E",8000,408,8408,8358,16766,2006
"3809","T",0,7543,7543,0,7543,2006
"3810","E",0,80,80,7347,7427,2006
"3811","E",600,600,1200,79,1279,2006
"3812","E",28000,0,28000,0,28000,2006
"3813","T",168400,1000,169400,0,169400,2006
"3814","E",49000,3325,52325,0,52325,2006
"3815","E",43977,2171,46148,200,46348,2006
"3816","E",2500,0,2500,554,3054,2006
"3817","E",31843,2000,33843,0,33843,2006
"3818","T",2600,720750,723350,0,723350,2006
"3819","E",5000,2427,7427,0,7427,2006
"3820","T",4000,2910,6910,750,7660,2006
"3821","E",12382,0,12382,100,12482,2006
"3822","E",13405,38000,51405,3701,55106,2006
"3823","T",6600,40831,47431,0,47431,2006
"3824","T",23900,17831,41731,400,42131,2006
"3825","E",12000,2077,14077,0,14077,2006
"3826","T",5325,237,5562,800,6362,2006
"3827","E",4000,350,4350,38752,43102,2006
"3828","E",61972,0,61972,0,61972,2006
"3829","E",17800,0,17800,2600,20400,2006
"3830","T",140777,31132,171909,0,171909,2006
"3831","E",0,60848,60848,0,60848,2006
"3832","E",16178,13907,30085,0,30085,2006
"3833","E",1801,0,1801,300,2101,2006
"3834","E",0,3650,3650,0,3650,2006
"3835","T",49227,8418,57645,935,58580,2006
"3836","E",18600,0,18600,0,18600,2006
"3837","T",33800,0,33800,0,33800,2006
"3838","T",60305,1000,61305,800,62105,2006
"3839","T",10700,0,10700,0,10700,2006
"3840","E",39106,3171,42277,0,42277,2006
"3841","E",5056,0,5056,100,5156,2006
"3842","E",7726,182315,190041,800,190841,2006
"3843","E",45031,35907,80938,0,80938,2006
"3844","T",5222,29407,34629,0,34629,2006
"3845","T",263000,11000,274000,8242,282242,2006
"3846","E",26000,18686,44686,0,44686,2006
"3847","T",2000,36000,38000,0,38000,2006
"3848","E",26330,0,26330,6500,32830,2006
"3849","E",47887,0,47887,0,47887,2006
"3850","E",65029,0,65029,5500,70529,2006
"3851","T",7737,0,7737,0,7737,2006
"3852","T",24957,0,24957,0,24957,2006
"3853","T",44500,4040,48540,0,48540,2006
"3854","E",18485,29000,47485,0,47485,2006
"3855","E",75000,0,75000,0,75000,2006
"3856","E",5869,0,5869,600,6469,2006
"3857","E",1582,0,1582,0,1582,2006
"3858","T",14200,36685,50885,1202,52087,2006
"3859","T",14000,46000,60000,0,60000,2006
"3860","E",97075,0,97075,20000,117075,2006
"3861","T",88037,56,88093,1000,89093,2006
"3862","T",0,23836,23836,0,23836,2006
"3863","E",0,416,416,3000,3416,2006
"3864","E",8400,82791,91191,2000,93191,2006
"3865","E",49924,1000,50924,1000,51924,2006
"3866","T",9698,9230,18928,0,18928,2006
"3867","E",17799,25650,43449,11108,54557,2006
"3868","E",3500,0,3500,0,3500,2006
"3869","T",5295,1000,6295,0,6295,2006
"3870","E",14405,0,14405,5737,20142,2006
"3871","E",600,0,600,3825,4425,2006
"3872","E",3726,0,3726,0,3726,2006
"3873","E",16070,0,16070,0,16070,2006
"3874","E",18000,69000,87000,1000,88000,2006
"3875","E",8600,0,8600,0,8600,2006
"3876","T",0,2077,2077,0,2077,2006
"3877","E",11000,188150,199150,750,199900,2006
"3878","E",0,2077,2077,0,2077,2006
"3879","E",50422,0,50422,100,50522,2006
"3880","T",12000,591,12591,0,12591,2006
"3881","E",3250,16500,19750,0,19750,2006
"3882","T",0,6920,6920,0,6920,2006
"3883","T",0,5000,5000,0,5000,2006
"3884","E",221000,3760,224760,22790,247550,2006
"3885","E",32500,6000,38500,0,38500,2006
"3886","E",17500,31000,48500,0,48500,2006
"3887","E",1699,9655,11354,0,11354,2006
"3888","E",4475,0,4475,20000,24475,2006
"3889","E",6454,66907,73361,300,73661,2006
"3890","T",3460,2700,6160,0,6160,2006
"3891","E",0,0,0,200,200,2006
"3892","E",61500,0,61500,0,61500,2006
"3893","T",6493,8610,15103,79,15182,2006
"3894","E",11605,0,11605,8583,20188,2006
"3895","E",9556,0,9556,5255,14811,2006
"3896","E",600,46200,46800,6411,53211,2006
"3897","E",2500,0,2500,79,2579,2006
"3898","E",8125,110516,118641,554,119195,2006
"3899","E",1625,0,1625,987,2612,2006
"3900","E",8125,107852,115977,987,116964,2006
"3901","E",500,0,500,79,579,2006
"3902","E",500,45862,46362,79,46441,2006
"3903","E",8725,0,8725,5669,14394,2006
"3904","E",9925,0,9925,554,10479,2006
"3905","E",8225,0,8225,1448,9673,2006
"3906","E",3500,1000,4500,4594,9094,2006
"3907","E",500,3000,3500,0,3500,2006
"3908","E",3665,0,3665,1646,5311,2006
"3909","E",19387,5123,24510,4594,29104,2006
"3910","E",5500,0,5500,79,5579,2006
"3911","E",16152,4623,20775,79,20854,2006
"3912","E",20587,5123,25710,4594,30304,2006
"3913","E",23312,5000,28312,3701,32013,2006
"3914","E",6393,4059,10452,79,10531,2006
"3915","E",500,0,500,987,1487,2006
"3916","T",18970,0,18970,0,18970,2006
"3917","E",2788,0,2788,0,2788,2006
"3918","E",0,7375,7375,500,7875,2006
"3919","E",11806,6000,17806,2554,20360,2006
"3920","E",25500,800,26300,0,26300,2006
"3921","T",2300,1080,3380,300,3680,2006
"3922","E",1200,0,1200,0,1200,2006
"3923","E",11152,4500,15652,1646,17298,2006
"3924","E",1800,15000,16800,554,17354,2006
"3925","E",15000,0,15000,0,15000,2006
"3926","E",10193,232190,242383,0,242383,2006
"3927","E",7000,0,7000,0,7000,2006
"3928","E",4500,0,4500,0,4500,2006
"3929","E",500,0,500,0,500,2006
"3930","E",7000,4623,11623,753,12376,2006
"3931","E",1200,0,1200,0,1200,2006
"3932","E",1200,0,1200,0,1200,2006
"3933","E",500,45862,46362,79,46441,2006
"3934","E",1200,0,1200,0,1200,2006
"3935","E",1200,0,1200,0,1200,2006
"3936","E",1200,0,1200,0,1200,2006
"3937","E",1200,0,1200,0,1200,2006
"3938","E",21562,4623,26185,0,26185,2006
"3939","E",4000,0,4000,500,4500,2006
"3940","E",0,88902,88902,0,88902,2006
"3941","E",4000,0,4000,500,4500,2006
"3942","E",6393,7257,13650,753,14403,2006
"3943","E",600,45862,46462,987,47449,2006
"3944","E",56500,30666,87166,0,87166,2006
"3945","E",11200,416,11616,500,12116,2006
"3946","E",239641,830790,1070431,38460,1108891,2007
"3947","E",427763,229702,657465,0,657465,2007
"3948","E",1192778,4859885,6052663,238456,6291119,2007
"3949","E",18000,287632,305632,31500,337132,2007
"3950","E",900,170000,170900,0,170900,2007
"3951","T",49500,73201,122701,0,122701,2007
"3952","E",2000,48482,50482,1200,51682,2007
"3953","E",113000,18070,131070,2900,133970,2007
"3954","E",32896,21500,54396,13061,67457,2007
"3955","SAT",13000,61065,74065,53000,127065,2007
"3956","EXPN",0,853700,853700,0,853700,2007
"3957","T",476928,2564902,3041830,1733026,4774856,2007
"3958","DM",0,281570,281570,0,281570,2007
"3959","T",255000,1381360,1636360,126622,1762982,2007
"3960","E",148015,29711,177726,28051,205777,2007
"3961","E",116982,27460,144442,8000,152442,2007
"3962","E",158000,4923,162923,0,162923,2007
"3963","EXPN",1477585,685689,2163274,343599,2506873,2007
"3964","E",2000,584108,586108,290655,876763,2007
"3965","E",1107100,2949646,4056746,0,4056746,2007
"3966","E",32730,351975,384705,0,384705,2007
"3967","E",32731,13022,45753,0,45753,2007
"3968","E",46566,332742,379308,0,379308,2007
"3969","E",36516,27742,64258,0,64258,2007
"3970","E",32107,55050,87157,10000,97157,2007
"3971","E",41000,5280,46280,2500,48780,2007
"3972","E",0,100,100,0,100,2007
"3973","E",19000,45111,64111,0,64111,2007
"3974","E",130256,538666,668922,0,668922,2007
"3975","E",30533,500,31033,0,31033,2007
"3976","E",200435,31569,232004,0,232004,2007
"3977","E",23230,41620,64850,0,64850,2007
"3978","E",24568,757000,781568,0,781568,2007
"3979","T",561502,2128386,2689888,624678,3314566,2007
"3980","E",1793100,2695379,4488479,10218688,14707167,2007
"3981","E",49000,23000,72000,0,72000,2007
"3982","E",336945,3500,340445,0,340445,2007
"3983","E",42000,11727,53727,0,53727,2007
"3984","E",86500,62010,148510,0,148510,2007
"3985","E",17500,53890,71390,0,71390,2007
"3986","E",33248,9569,42817,0,42817,2007
"3987","E",124000,34435,158435,29293,187728,2007
"3988","T",179273,446207,625480,4221,629701,2007
"3989","E",149572,102065,251637,0,251637,2007
"3990","T",32000,42252,74252,0,74252,2007
"3991","E",47000,48330,95330,0,95330,2007
"3992","E",160007,7780,167787,53500,221287,2007
"3993","T",322000,30317,352317,0,352317,2007
"3994","EXPN",4702,635691,640393,0,640393,2007
"3995","T",253158,64499,317657,0,317657,2007
"3996","E",717500,797645,1515145,3273728,4788873,2007
"3997","T",110243,255280,365523,103000,468523,2007
"3998","E",1000,1047207,1048207,225000,1273207,2007
"3999","E",7861,2517,10378,811,11189,2007
"4000","E",135500,40100,175600,0,175600,2007
"4001","E",196726,11136,207862,99600,307462,2007
"4002","E",118700,240740,359440,0,359440,2007
"4003","E",20000,25287,45287,0,45287,2007
"4004","T",2300,5776194,5778494,5000,5783494,2007
"4005","E",11300,53213988,53225288,7500,53232788,2007
"4006","E",222800,2849361,3072161,0,3072161,2007
"4007","E",351875,203476,555351,0,555351,2007
"4008","E",550976,31140,582116,0,582116,2007
"4009","E",1000,0,1000,0,1000,2007
"4010","E",33800,28700,62500,8500,71000,2007
"4011","E",3000,48676,51676,8000,59676,2007
"4012","EXPN",226500,0,226500,63000,289500,2007
"4013","E",137000,94100,231100,15000,246100,2007
"4014","T",296779,39487,336266,60238,396504,2007
"4015","E",88974,75000,163974,11833,175807,2007
"4016","E",62956,8200,71156,0,71156,2007
"4017","E",0,2000,2000,0,2000,2007
"4018","E",0,7100,7100,0,7100,2007
"4019","E",0,265613,265613,0,265613,2007
"4020","E",0,2165840,2165840,0,2165840,2007
"4021","E",0,111220,111220,500,111720,2007
"4022","E",0,1500,1500,0,1500,2007
"4023","E",0,4212468,4212468,4500,4216968,2007
"4024","E",0,216375,216375,0,216375,2007
"4025","E",1000,16550580,16551580,1134913,17686493,2007
"4026","E",0,109046,109046,2000,111046,2007
"4027","E",7000,115926,122926,0,122926,2007
"4028","EXPN",1236000,445370,1681370,197741,1879111,2007
"4029","E",579963,125481,705444,568073,1273517,2007
"4030","EXPN",0,1429434,1429434,46065,1475499,2007
"4031","DM",0,554995,554995,82500,637495,2007
"4032","DM",186975,732681,919656,25000,944656,2007
"4033","EXPN",933500,1500,935000,1523,936523,2007
"4034","E",505600,2754,508354,0,508354,2007
"4035","E",52000,150891,202891,0,202891,2007
"4036","E",0,600,600,0,600,2007
"4037","E",103500,7812,111312,0,111312,2007
"4038","E",13400,2812,16212,0,16212,2007
"4039","E",27100,2812,29912,0,29912,2007
"4040","E",95500,9112,104612,0,104612,2007
"4041","E",269000,220801,489801,0,489801,2007
"4042","E",158500,0,158500,59849,218349,2007
"4043","E",91000,1000,92000,750,92750,2007
"4044","T",90000,186401,276401,0,276401,2007
"4045","EXPN",0,52200,52200,10000,62200,2007
"4046","E",1246681,344776,1591457,325000,1916457,2007
"4047","E",744200,117922,862122,0,862122,2007
"4048","E",425000,2400,427400,700,428100,2007
"4049","EXPN",501600,829173,1330773,651,1331424,2007
"4050","E",215000,843532,1058532,13500,1072032,2007
"4051","EXPN",218706,20950,239656,253621,493277,2007
"4052","E",95500,6300,101800,0,101800,2007
"4053","E",1182,0,1182,0,1182,2007
"4054","E",800,0,800,0,800,2007
"4055","E",746100,3635,749735,0,749735,2007
"4056","E",296800,376077,672877,0,672877,2007
"4057","E",500,0,500,0,500,2007
"4058","E",2000,4558,6558,2304,8862,2007
"4059","E",660700,199946,860646,0,860646,2007
"4060","E",369000,67200,436200,0,436200,2007
"4061","DM",1268404,7210744,8479148,977170,9456318,2007
"4062","T",274000,105750,379750,0,379750,2007
"4063","T",613000,319979,932979,8064,941043,2007
"4064","E",17500,245545,263045,0,263045,2007
"4065","E",74000,11100,85100,0,85100,2007
"4066","EXPN",298000,1020100,1318100,2200,1320300,2007
"4067","E",4000,300,4300,0,4300,2007
"4068","E",2500,0,2500,0,2500,2007
"4069","E",2039565,9674463,11714028,281936,11995964,2007
"4070","T",2173963,139058,2313021,0,2313021,2007
"4071","E",667071,447502,1114573,0,1114573,2007
"4072","E",129000,17813,146813,0,146813,2007
"4073","E",7500,0,7500,0,7500,2007
"4074","E",7500,0,7500,0,7500,2007
"4075","E",78100,0,78100,0,78100,2007
"4076","T",555500,1458760,2014260,161383,2175643,2007
"4077","E",75500,22650,98150,0,98150,2007
"4078","E",431000,608020,1039020,1655,1040675,2007
"4079","E",60600,107000,167600,0,167600,2007
"4080","E",44500,0,44500,0,44500,2007
"4081","E",688200,100968,789168,0,789168,2007
"4082","E",14000,2877,16877,0,16877,2007
"4083","T",1073271,1829056,2902327,390301,3292628,2007
"4084","E",30500,0,30500,0,30500,2007
"4085","E",71300,2812,74112,0,74112,2007
"4086","T",187379,3119226,3306605,115000,3421605,2007
"4087","T",2562063,6727782,9289845,221159,9511004,2007
"4088","E",100700,270915,371615,0,371615,2007
"4089","E",1432000,120000,1552000,278646,1830646,2007
"4090","E",91500,0,91500,0,91500,2007
"4091","E",594227,72202,666429,6684,673113,2007
"4092","E",197300,114840,312140,0,312140,2007
"4093","E",14000,0,14000,0,14000,2007
"4094","E",431167,153112,584279,55438,639717,2007
"4095","T",748302,11771466,12519768,456801,12976569,2007
"4096","T",897101,1855361,2752462,20150,2772612,2007
"4097","E",46000,2812,48812,0,48812,2007
"4098","E",920000,900,920900,103000,1023900,2007
"4099","E",302350,117985,420335,0,420335,2007
"4100","E",195600,283063,478663,0,478663,2007
"4101","EXPN",4000,0,4000,0,4000,2007
"4102","E",69458,97337,166795,0,166795,2007
"4103","E",42500,1584400,1626900,50000,1676900,2007
"4104","T",577102,0,577102,0,577102,2007
"4105","E",17038,2388542,2405580,0,2405580,2007
"4106","E",275000,1233810,1508810,0,1508810,2007
"4107","E",216000,333142,549142,61963,611105,2007
"4108","T",0,126822,126822,0,126822,2007
"4109","E",763200,166721,929921,0,929921,2007
"4110","E",433000,1159302,1592302,30070,1622372,2007
"4111","E",3600,321448,325048,0,325048,2007
"4112","E",206635,807520,1014155,0,1014155,2007
"4113","E",379679,11594580,11974259,91859,12066118,2007
"4114","E",42863,193647,236510,52195,288705,2007
"4115","T",9000,13751,22751,200,22951,2007
"4116","E",27100,0,27100,0,27100,2007
"4117","E",1182,0,1182,0,1182,2007
"4118","E",304282,1100,305382,0,305382,2007
"4119","T",13180,2600,15780,0,15780,2007
"4120","E",37763,931959,969722,5900,975622,2007
"4121","E",1928117,321074,2249191,0,2249191,2007
"4122","E",0,1500,1500,1523,3023,2007
"4123","E",157000,1029652,1186652,73700,1260352,2007
"4124","E",189700,615393,805093,185500,990593,2007
"4125","E",78500,0,78500,0,78500,2007
"4126","E",600,0,600,0,600,2007
"4127","E",99149,4235,103384,0,103384,2007
"4128","E",1367400,227714,1595114,100395,1695509,2007
"4129","E",3264341,13834395,17098736,816655,17915391,2007
"4130","E",27482,0,27482,0,27482,2007
"4131","E",30700,2812,33512,0,33512,2007
"4132","SAT",131644,218184,349828,52523,402351,2007
"4133","E",12500,0,12500,0,12500,2007
"4134","T",11500,0,11500,0,11500,2007
"4135","E",37500,0,37500,0,37500,2007
"4136","E",5000,0,5000,0,5000,2007
"4137","T",21500,85339,106839,18319,125158,2007
"4138","E",1500,0,1500,0,1500,2007
"4139","T",8500,0,8500,35690,44190,2007
"4140","E",90856,32000,122856,0,122856,2007
"4141","T",1579617,13569,1593186,0,1593186,2007
"4142","T",2627,17069,19696,0,19696,2007
"4143","E",10500,55500,66000,0,66000,2007
"4144","E",25600,1432,27032,7000,34032,2007
"4145","T",4000,19150,23150,4500,27650,2007
"4146","E",447286,357474,804760,319378,1124138,2007
"4147","T",333921,2739279,3073200,1508,3074708,2007
"4148","E",683363,1037286,1720649,353986,2074635,2007
"4149","E",488500,2809357,3297857,329786,3627643,2007
"4150","E",727000,5841182,6568182,332786,6900968,2007
"4151","T",743603,5335470,6079073,398893,6477966,2007
"4152","T",23000,546508,569508,0,569508,2007
"4153","E",10000,15307,25307,0,25307,2007
"4154","T",33000,1708,34708,0,34708,2007
"4155","T",63500,135215,198715,0,198715,2007
"4156","T",5100,0,5100,0,5100,2007
"4157","T",4500,3020,7520,0,7520,2007
"4158","T",225300,0,225300,600,225900,2007
"4159","T",225000,1037175,1262175,29000,1291175,2007
"4160","T",1137343,996819,2134162,0,2134162,2007
"4161","E",41000,66603,107603,0,107603,2007
"4162","SAT",0,253768,253768,50000,303768,2007
"4163","T",1352944,10006061,11359005,7500,11366505,2007
"4164","T",43000,3019826,3062826,15220,3078046,2007
"4165","E",70700,3100,73800,600,74400,2007
"4166","SAT",12500,73550,86050,98135,184185,2007
"4167","T",341150,647995,989145,78693,1067838,2007
"4168","T",9000,0,9000,0,9000,2007
"4169","T",14000,1225,15225,5000,20225,2007
"4170","T",31000,7500,38500,800,39300,2007
"4171","T",19500,11088,30588,34000,64588,2007
"4172","T",33500,98775,132275,0,132275,2007
"4173","T",11000,0,11000,0,11000,2007
"4174","T",1646486,2011183,3657669,0,3657669,2007
"4175","T",252700,309811,562511,71000,633511,2007
"4176","E",50000,14500,64500,17000,81500,2007
"4177","E",25159,341416,366575,0,366575,2007
"4178","T",120000,2457,122457,0,122457,2007
"4179","E",60000,331600,391600,12700,404300,2007
"4180","E",332706,3000,335706,0,335706,2007
"4181","T",1007045,837868,1844913,0,1844913,2007
"4182","E",82893,0,82893,0,82893,2007
"4183","T",13587,9000,22587,2367,24954,2007
"4184","E",10000,0,10000,0,10000,2007
"4185","T",73000,201034,274034,30984,305018,2007
"4186","T",13500,1500,15000,73000,88000,2007
"4187","T",88000,6239,94239,6100,100339,2007
"4188","E",515511,665,516176,0,516176,2007
"4189","E",421,43500,43921,800,44721,2007
"4190","E",24000,30100,54100,15000,69100,2007
"4191","E",64000,4039,68039,36700,104739,2007
"4192","E",1915917,686040,2601957,0,2601957,2007
"4193","E",221146,5610,226756,69500,296256,2007
"4194","T",10500,0,10500,15386,25886,2007
"4195","E",64155,3930,68085,56,68141,2007
"4196","T",60000,1100,61100,8000,69100,2007
"4197","E",9000,0,9000,0,9000,2007
"4198","T",88500,8424,96924,79500,176424,2007
"4199","E",770872,3836923,4607795,190845,4798640,2007
"4200","E",14382,9000,23382,1200,24582,2007
"4201","T",53000,0,53000,7500,60500,2007
"4202","E",25000,30100,55100,7500,62600,2007
"4203","E",471944,5429420,5901364,457845,6359209,2007
"4204","T",10000,6000,16000,8000,24000,2007
"4205","E",212168,94000,306168,0,306168,2007
"4206","E",160182,177380,337562,0,337562,2007
"4207","E",5935,25500,31435,0,31435,2007
"4208","E",62150,0,62150,1000,63150,2007
"4209","T",28921,0,28921,500,29421,2007
"4210","T",2000,12100,14100,20000,34100,2007
"4211","EXPN",1500,0,1500,0,1500,2007
"4212","T",117241,55729,172970,13791,186761,2007
"4213","EXPN",100,0,100,0,100,2007
"4214","EXPN",22200,0,22200,0,22200,2007
"4215","E",435726,63711,499437,262500,761937,2007
"4216","E",47500,1600,49100,15000,64100,2007
"4217","E",150700,858645,1009345,0,1009345,2007
"4218","E",431177,3138,434315,2500,436815,2007
"4219","T",86421,41835,128256,0,128256,2007
"4220","E",24077,0,24077,0,24077,2007
"4221","T",47933,9100,57033,2000,59033,2007
"4222","T",36500,9000,45500,8000,53500,2007
"4223","E",10677,14142,24819,0,24819,2007
"4224","E",2953,24530,27483,0,27483,2007
"4225","E",89965,27569,117534,3000,120534,2007
"4226","E",40500,24550,65050,3000,68050,2007
"4227","T",0,1325,1325,500,1825,2007
"4228","E",35500,3300,38800,0,38800,2007
"4229","EXPN",2600,0,2600,0,2600,2007
"4230","E",29400,800,30200,283,30483,2007
"4231","T",547000,24650,571650,2500,574150,2007
"4232","EXPN",4100,0,4100,0,4100,2007
"4233","E",57500,17002,74502,783,75285,2007
"4234","E",524000,21950,545950,2500,548450,2007
"4235","E",337000,5539,342539,0,342539,2007
"4236","T",24000,1200,25200,500,25700,2007
"4237","T",139000,32054,171054,0,171054,2007
"4238","E",3023,0,3023,0,3023,2007
"4239","T",162000,8070,170070,141500,311570,2007
"4240","E",68000,590189,658189,0,658189,2007
"4241","E",23200,0,23200,0,23200,2007
"4242","T",40200,5900,46100,8500,54600,2007
"4243","T",32500,8970,41470,800,42270,2007
"4244","E",18000,0,18000,0,18000,2007
"4245","E",15200,231,15431,8500,23931,2007
"4246","E",19000,5000,24000,0,24000,2007
"4247","E",38000,8800,46800,8000,54800,2007
"4248","E",1000,4629,5629,0,5629,2007
"4249","E",584984,40525,625509,0,625509,2007
"4250","E",20500,7300,27800,800,28600,2007
"4251","E",74550,360603,435153,24000,459153,2007
"4252","T",52233,10576,62809,7100,69909,2007
"4253","EXPN",0,100,100,0,100,2007
"4254","E",8100,0,8100,0,8100,2007
"4255","E",0,100,100,0,100,2007
"4256","E",19800,16067,35867,283,36150,2007
"4257","T",29941,16067,46008,283,46291,2007
"4258","EXPN",700,0,700,0,700,2007
"4259","EXPN",10000,0,10000,3000,13000,2007
"4260","T",195000,0,195000,50000,245000,2007
"4261","T",63000,438000,501000,127500,628500,2007
"4262","E",1439000,8205928,9644928,36000,9680928,2007
"4263","EXPN",0,1727600,1727600,26000,1753600,2007
"4264","E",1605270,3495318,5100588,189845,5290433,2007
"4265","E",27027,13500,40527,3000,43527,2007
"4266","E",62501,3139,65640,2500,68140,2007
"4267","E",220000,4000,224000,1000,225000,2007
"4268","E",59400,196972,256372,55000,311372,2007
"4269","E",207220,171995,379215,4500,383715,2007
"4270","E",64400,0,64400,16800,81200,2007
"4271","E",4246,6000,10246,0,10246,2007
"4272","E",381077,3138,384215,2000,386215,2007
"4273","E",48493,7848563,7897056,0,7897056,2007
"4274","T",0,3736537,3736537,0,3736537,2007
"4275","E",47563,6588912,6636475,0,6636475,2007
"4276","T",369451,36737831,37107282,866347,37973629,2007
"4277","E",45700,26738801,26784501,847587,27632088,2007
"4278","T",21530,6885533,6907063,0,6907063,2007
"4279","T",997237,20749588,21746825,3911456,25658281,2007
"4280","T",224942,29186809,29411751,1705640,31117391,2007
"4281","T",75500,9673730,9749230,85197,9834427,2007
"4282","T",1816068,16497261,18313329,998484,19311813,2007
"4283","T",100700,4833980,4934680,680333,5615013,2007
"4284","T",45700,9138724,9184424,517125,9701549,2007
"4285","E",0,3681807,3681807,0,3681807,2007
"4286","T",1319222,22505468,23824690,0,23824690,2007
"4287","T",162549,9339021,9501570,881170,10382740,2007
"4288","E",45700,19650446,19696146,431118,20127264,2007
"4289","T",47700,4595089,4642789,257864,4900653,2007
"4290","E",100,648860,648960,0,648960,2007
"4291","T",9000,0,9000,0,9000,2007
"4292","T",82320,27962,110282,0,110282,2007
"4293","T",70000,1000,71000,8000,79000,2007
"4294","T",33700,41800,75500,1000,76500,2007
"4295","E",9000,0,9000,0,9000,2007
"4296","E",12500,20957,33457,23881,57338,2007
"4297","E",40000,3850,43850,0,43850,2007
"4298","T",181000,480166,661166,0,661166,2007
"4299","E",275478,231467,506945,59050,565995,2007
"4300","T",9500,120,9620,0,9620,2007
"4301","T",213679,6465190,6678869,0,6678869,2007
"4302","T",72000,442500,514500,130000,644500,2007
"4303","T",36952,19900,56852,3000,59852,2007
"4304","T",115000,5700,120700,15000,135700,2007
"4305","E",57677,0,57677,3000,60677,2007
"4306","E",19902,3400,23302,2000,25302,2007
"4307","T",40977,23509,64486,1000,65486,2007
"4308","E",24902,11400,36302,1000,37302,2007
"4309","T",104700,2618468,2723168,735799,3458967,2007
"4310","T",186849,2961584,3148433,0,3148433,2007
"4311","E",0,2939259,2939259,0,2939259,2007
"4312","T",26280,4479505,4505785,0,4505785,2007
"4313","T",277345,25304288,25581633,3245074,28826707,2007
"4314","T",68000,7818745,7886745,121728,8008473,2007
"4315","T",20182,3863636,3883818,0,3883818,2007
"4316","T",125692,12833975,12959667,641651,13601318,2007
"4317","T",122300,22772846,22895146,628348,23523494,2007
"4318","T",358387,32797795,33156182,399961,33556143,2007
"4319","T",0,2831958,2831958,0,2831958,2007
"4320","E",86288,26255,112543,0,112543,2007
"4321","E",12000,4000,16000,39200,55200,2007
"4322","T",89500,950995,1040495,52000,1092495,2007
"4323","T",0,317257,317257,0,317257,2007
"4324","E",776656,46010429,46787085,224042,47011127,2007
"4325","E",352691,640091,992782,61538,1054320,2007
"4326","E",215648,6863357,7079005,341658,7420663,2007
"4327","E",30000,393015,423015,3e+05,723015,2007
"4328","E",436154,3933315,4369469,29000,4398469,2007
"4329","E",22241,16000,38241,8000,46241,2007
"4330","E",2034241,7148721,9182962,134000,9316962,2007
"4331","T",2401,37275,39676,0,39676,2007
"4332","E",442154,3940915,4383069,29000,4412069,2007
"4333","T",124439,74530,198969,8000,206969,2007
"4334","E",88000,413300,501300,153500,654800,2007
"4335","T",1119420,14000,1133420,250000,1383420,2007
"4336","T",6312879,24023667,30336546,3335412,33671958,2007
"4337","T",699000,68000,767000,97000,864000,2007
"4338","T",6437,87983,94420,170052,264472,2007
"4339","T",1212446,3527039,4739485,135000,4874485,2007
"4340","T",0,22000,22000,0,22000,2007
"4341","T",19800,29000,48800,0,48800,2007
"4342","E",371938,78296,450234,245000,695234,2007
"4343","EXPN",98399,15,98414,8000,106414,2007
"4344","E",12500,3200,15700,0,15700,2007
"4345","T",81400,75115,156515,2500,159015,2007
"4346","EXPN",3500,0,3500,0,3500,2007
"4347","E",80921,44447,125368,20350,145718,2007
"4348","E",94815,12841,107656,1200,108856,2007
"4349","E",15400,0,15400,500,15900,2007
"4350","E",4718,1100,5818,971,6789,2007
"4351","EXPN",0,300,300,0,300,2007
"4352","E",2600,0,2600,0,2600,2007
"4353","EXPN",9000,0,9000,0,9000,2007
"4354","E",13600,1400,15000,0,15000,2007
"4355","E",75600,32682,108282,0,108282,2007
"4356","EXPN",1400,19482,20882,0,20882,2007
"4357","E",3800,0,3800,100,3900,2007
"4358","EXPN",0,900,900,0,900,2007
"4359","E",58018,256767,314785,14305,329090,2007
"4360","E",0,200,200,400,600,2007
"4361","E",5100,38500,43600,400,44000,2007
"4362","E",21100,82600,103700,900,104600,2007
"4363","E",96000,22630,118630,2566,121196,2007
"4364","EXPN",0,0,0,400,400,2007
"4365","E",9000,200,9200,400,9600,2007
"4366","E",13000,2200,15200,0,15200,2007
"4367","E",103000,63800,166800,39950,206750,2007
"4368","E",48100,1235,49335,0,49335,2007
"4369","E",782039,80520,862559,6139,868698,2007
"4370","T",36000,0,36000,0,36000,2007
"4371","T",14200,15700,29900,12260,42160,2007
"4372","E",140500,181780,322280,32580,354860,2007
"4373","E",207800,587814,795614,34958,830572,2007
"4374","E",24300,5000,29300,0,29300,2007
"4375","E",17300,0,17300,0,17300,2007
"4376","EXPN",3500,3750,7250,0,7250,2007
"4377","E",19300,6150,25450,0,25450,2007
"4378","EXPN",178300,0,178300,0,178300,2007
"4379","E",23100,137228,160328,7000,167328,2007
"4380","T",20200,15500,35700,1200,36900,2007
"4381","E",20700,3800,24500,800,25300,2007
"4382","E",64000,18615,82615,3500,86115,2007
"4383","E",33000,6115,39115,1000,40115,2007
"4384","E",91170,200,91370,800,92170,2007
"4385","EXPN",0,300,300,0,300,2007
"4386","E",35021,4225,39246,800,40046,2007
"4387","T",14300,12700,27000,400,27400,2007
"4388","E",115918,144029,259947,37473,297420,2007
"4389","EXPN",0,5000,5000,5075,10075,2007
"4390","E",92805,2305,95110,4033,99143,2007
"4391","EXPN",0,9600,9600,300,9900,2007
"4392","E",74420,47483,121903,20000,141903,2007
"4393","T",163000,228343,391343,6021,397364,2007
"4394","E",58221,5925,64146,2810,66956,2007
"4395","EXPN",4700,0,4700,0,4700,2007
"4396","E",62721,23152,85873,1083,86956,2007
"4397","E",6800,70,6870,0,6870,2007
"4398","E",58621,1770,60391,3017,63408,2007
"4399","EXPN",4700,0,4700,300,5000,2007
"4400","E",128615,32735,161350,12027,173377,2007
"4401","E",4100,100,4200,0,4200,2007
"4402","E",14300,1000,15300,0,15300,2007
"4403","E",36221,20150,56371,1500,57871,2007
"4404","EXPN",0,26500,26500,0,26500,2007
"4405","EXPN",4700,0,4700,0,4700,2007
"4406","E",9000,0,9000,400,9400,2007
"4407","E",37300,30700,68000,1500,69500,2007
"4408","E",65200,25965,91165,3500,94665,2007
"4409","E",59921,94852,154773,2400,157173,2007
"4410","EXPN",4700,0,4700,0,4700,2007
"4411","E",47915,30950,78865,800,79665,2007
"4412","E",20200,23600,43800,1000,44800,2007
"4413","E",64100,202195,266295,3000,269295,2007
"4414","E",127000,183570,310570,30660,341230,2007
"4415","T",20200,7800,28000,1000,29000,2007
"4416","E",30500,20844,51344,3000,54344,2007
"4417","E",65000,20615,85615,4000,89615,2007
"4418","E",21000,0,21000,0,21000,2007
"4419","E",34815,15379,50194,1500,51694,2007
"4420","E",40418,242399,282817,1839,284656,2007
"4421","E",143915,5114,149029,5000,154029,2007
"4422","E",50100,41252,91352,0,91352,2007
"4423","T",47000,68365,115365,500,115865,2007
"4424","E",60195,158741,218936,35396,254332,2007
"4425","E",21700,52280,73980,30970,104950,2007
"4426","E",0,26500,26500,400,26900,2007
"4427","E",72300,68215,140515,0,140515,2007
"4428","E",14800,546470,561270,0,561270,2007
"4429","E",82580,517993,600573,115367,715940,2007
"4430","E",0,300500,300500,0,300500,2007
"4431","E",87484,114115,201599,12000,213599,2007
"4432","E",9000,0,9000,0,9000,2007
"4433","E",46100,18070,64170,2500,66670,2007
"4434","T",15700,0,15700,0,15700,2007
"4435","E",46036,6142,52178,0,52178,2007
"4436","E",9000,0,9000,0,9000,2007
"4437","E",37000,0,37000,0,37000,2007
"4438","EXPN",4700,0,4700,0,4700,2007
"4439","E",11000,5020,16020,0,16020,2007
"4440","T",12200,0,12200,0,12200,2007
"4441","E",15700,0,15700,0,15700,2007
"4442","T",9000,0,9000,0,9000,2007
"4443","T",7500,300,7800,0,7800,2007
"4444","E",9000,0,9000,0,9000,2007
"4445","T",196582,47963,244545,0,244545,2007
"4446","T",6000,0,6000,10000,16000,2007
"4447","T",10305,0,10305,26731,37036,2007
"4448","E",56000,0,56000,2000,58000,2007
"4449","E",117529,1000,118529,0,118529,2007
"4450","T",28800,0,28800,0,28800,2007
"4451","T",1800,0,1800,0,1800,2007
"4452","T",15000,0,15000,0,15000,2007
"4453","E",500,1600,2100,2600,4700,2007
"4454","E",26827,115463,142290,0,142290,2007
"4455","T",9000,0,9000,0,9000,2007
"4456","E",9000,6000,15000,4700,19700,2007
"4457","E",101821,143081,244902,0,244902,2007
"4458","E",18410,0,18410,500,18910,2007
"4459","E*",116900,698101,815001,0,815001,2007
"4460","E",500,0,500,0,500,2007
"4461","E",37195,4000,41195,50,41245,2007
"4462","DO",763,52449,53212,0,53212,2007
"4463","E",1000,1600,2600,250,2850,2007
"4464","E",1000,1600,2600,250,2850,2007
"4465","E",500,0,500,500,1000,2007
"4466","E",326684,552102,878786,54744,933530,2007
"4467","E",4000,240,4240,0,4240,2007
"4468","E",10000,3959,13959,5700,19659,2007
"4469","E",21000,3959,24959,13400,38359,2007
"4470","T",1400,1300000,1301400,0,1301400,2007
"4471","E",4000,240,4240,5200,9440,2007
"4472","E",29000,0,29000,100,29100,2007
"4473","E",9000,240,9240,5100,14340,2007
"4474","E",3171,0,3171,0,3171,2007
"4475","E",9000,240,9240,5100,14340,2007
"4476","T",246262,6530665,6776927,0,6776927,2007
"4477","T",41295,0,41295,0,41295,2007
"4478","E",27900,4500,32400,0,32400,2007
"4479","E",106854,150000,256854,0,256854,2007
"4480","E",318300,29960,348260,0,348260,2007
"4481","E",374000,357542,731542,276690,1008232,2007
"4482","E",107649,165600,273249,0,273249,2007
"4483","E",4000,0,4000,0,4000,2007
"4484","E",7200,310000,317200,0,317200,2007
"4485","E",36521,4300,40821,25836,66657,2007
"4486","E",0,1000,1000,0,1000,2007
"4487","T",230000,31336,261336,8000,269336,2007
"4488","E",95654,171000,266654,0,266654,2007
"4489","E",349827,51395,401222,0,401222,2007
"4490","E",375,129909,130284,508,130792,2007
"4491","E",5200,0,5200,0,5200,2007
"4492","E",49000,1904,50904,0,50904,2007
"4493","E",111073,0,111073,0,111073,2007
"4494","E",2219,20915,23134,0,23134,2007
"4495","E",245800,24601,270401,17100,287501,2007
"4496","E",34393,0,34393,0,34393,2007
"4497","E",10883,0,10883,0,10883,2007
"4498","E",4500,100080,104580,5100,109680,2007
"4499","E",4500,100080,104580,5100,109680,2007
"4500","E",67100,5000,72100,0,72100,2007
"4501","T",23256,20000,43256,0,43256,2007
"4502","T",33800,0,33800,0,33800,2007
"4503","E",13367,0,13367,0,13367,2007
"4504","E",13367,0,13367,0,13367,2007
"4505","E",13367,0,13367,0,13367,2007
"4506","E",13367,0,13367,0,13367,2007
"4507","E",13367,0,13367,0,13367,2007
"4508","T",13367,0,13367,0,13367,2007
"4509","E",13367,0,13367,0,13367,2007
"4510","E",13367,0,13367,0,13367,2007
"4511","E",13367,0,13367,0,13367,2007
"4512","E",13367,0,13367,0,13367,2007
"4513","E",13367,0,13367,0,13367,2007
"4514","E",13367,0,13367,0,13367,2007
"4515","E",23686,95500,119186,0,119186,2007
"4516","E",873210,140,873350,0,873350,2007
"4517","T",3647,500,4147,0,4147,2007
"4518","T",60670,4801,65471,3500,68971,2007
"4519","E",5671,0,5671,0,5671,2007
"4520","T",151790,4287,156077,4198,160275,2007
"4521","E",30795,8500,39295,25000,64295,2007
"4522","E",1300,240,1540,0,1540,2007
"4523","E",12000,240,12240,7400,19640,2007
"4524","E",4500,0,4500,0,4500,2007
"4525","E",4500,160,4660,0,4660,2007
"4526","E",4500,160,4660,0,4660,2007
"4527","E",4500,150160,154660,1800,156460,2007
"4528","E",4500,160,4660,1800,6460,2007
"4529","E",9000,160,9160,0,9160,2007
"4530","E",4500,160,4660,5400,10060,2007
"4531","E",18263,0,18263,0,18263,2007
"4532","E",6300,0,6300,0,6300,2007
"4533","E",9500,160,9660,5400,15060,2007
"4534","E",3500,0,3500,1343,4843,2007
"4535","E",16663,0,16663,0,16663,2007
"4536","E",1000,1600,2600,12000,14600,2007
"4537","E",535,3879,4414,5400,9814,2007
"4538","E",35300,0,35300,0,35300,2007
"4539","E",14500,0,14500,500,15000,2007
"4540","E",47500,4200,51700,0,51700,2007
"4541","E",25000,1000,26000,0,26000,2007
"4542","E",85680,18200,103880,0,103880,2007
"4543","E",920693,4400,925093,0,925093,2007
"4544","E",1813197,27962,1841159,0,1841159,2007
"4545","E",1997153,36757,2033910,0,2033910,2007
"4546","T",1205447,2427537,3632984,0,3632984,2007
"4547","E",20500,0,20500,750,21250,2007
"4548","T",42865,16000,58865,15097,73962,2007
"4549","E",500,0,500,450,950,2007
"4550","E",9000,27232,36232,0,36232,2007
"4551","E",1400,69658,71058,0,71058,2007
"4552","E",4000,4928,8928,0,8928,2007
"4553","E",992708,220900,1213608,0,1213608,2007
"4554","T",0,51450,51450,0,51450,2007
"4555","T",0,25251,25251,0,25251,2007
"4556","E",26500,0,26500,0,26500,2007
"4557","E",4700,69,4769,0,4769,2007
"4558","E",600,0,600,0,600,2007
"4559","E",26100,0,26100,0,26100,2007
"4560","E",800,42438,43238,0,43238,2007
"4561","E",3500,0,3500,0,3500,2007
"4562","E",400,0,400,0,400,2007
"4563","E",400,6555,6955,0,6955,2007
"4564","E",500,10000,10500,0,10500,2007
"4565","E",400,0,400,0,400,2007
"4566","E",500,0,500,0,500,2007
"4567","E",500,0,500,0,500,2007
"4568","E",1000,8500,9500,0,9500,2007
"4569","E",11000,7600,18600,0,18600,2007
"4570","T",34400,258430,292830,2250,295080,2007
"4571","E",1834875,0,1834875,0,1834875,2007
"4572","E",1500,100,1600,3500,5100,2007
"4573","T",30878,125000,155878,0,155878,2007
"4574","T",9000,500,9500,1500,11000,2007
"4575","E",3200,0,3200,0,3200,2007
"4576","T",31800,47113,78913,31690,110603,2007
"4577","E",27400,0,27400,0,27400,2007
"4578","E",51500,4000,55500,0,55500,2007
"4579","E",500,217102,217602,0,217602,2007
"4580","E",2900,12000,14900,0,14900,2007
"4581","T",3400,42438,45838,0,45838,2007
"4582","E",5500,5160,10660,0,10660,2007
"4583","E",1900,5159,7059,0,7059,2007
"4584","E",700,0,700,0,700,2007
"4585","E",49500,300,49800,1200,51000,2007
"4586","E",2400,0,2400,0,2400,2007
"4587","E",32200,217102,249302,0,249302,2007
"4588","E",21205,5157,26362,0,26362,2007
"4589","E",243133,500,243633,0,243633,2007
"4590","E",10500,0,10500,0,10500,2007
"4591","T",7500,10251,17751,1000,18751,2007
"4592","E",9000,92000,101000,500,101500,2007
"4593","E",308,5000,5308,0,5308,2007
"4594","E",0,28000,28000,0,28000,2007
"4595","E",28800,36500,65300,0,65300,2007
"4596","E",77983,19000,96983,0,96983,2007
"4597","E",0,5157,5157,0,5157,2007
"4598","T",10110,500,10610,0,10610,2007
"4599","E",175299,1000,176299,0,176299,2007
"4600","E",24400,44273,68673,0,68673,2007
"4601","E",33576,0,33576,0,33576,2007
"4602","T",21000,18500,39500,0,39500,2007
"4603","E",841,450,1291,500,1791,2007
"4604","T",16177,5915,22092,0,22092,2007
"4605","E",2000,13000,15000,0,15000,2007
"4606","T",9000,0,9000,0,9000,2007
"4607","T",35000,19500,54500,6500,61000,2007
"4608","E",35223,0,35223,0,35223,2007
"4609","E",6000,1700,7700,0,7700,2007
"4610","E",30000,0,30000,300,30300,2007
"4611","E",11500,3000,14500,5500,20000,2007
"4612","T",17100,0,17100,0,17100,2007
"4613","T",400,2560,2960,0,2960,2007
"4614","E",4800,0,4800,0,4800,2007
"4615","E",1000,2200,3200,750,3950,2007
"4616","T",14076,0,14076,0,14076,2007
"4617","E",500,1100,1600,0,1600,2007
"4618","E",500,1100,1600,0,1600,2007
"4619","E",897997,140,898137,0,898137,2007
"4620","E",5000,0,5000,0,5000,2007
"4621","T",16500,49500,66000,0,66000,2007
"4622","E",10500,0,10500,0,10500,2007
"4623","T",1400,0,1400,0,1400,2007
"4624","T",10529,81342,91871,0,91871,2007
"4625","E",5413,37954,43367,0,43367,2007
"4626","E",35523,0,35523,0,35523,2007
"4627","E",2000,0,2000,0,2000,2007
"4628","T",9500,30000,39500,0,39500,2007
"4629","E",46900,0,46900,0,46900,2007
"4630","E",10616,1750,12366,1404,13770,2007
"4631","T",50900,200,51100,4400,55500,2007
"4632","E",1400,37954,39354,0,39354,2007
"4633","E",3756,4757,8513,0,8513,2007
"4634","E",20300,30,20330,0,20330,2007
"4635","T",5876,103784,109660,200,109860,2007
"4636","T",77983,16000,93983,0,93983,2007
"4637","T",7500,18500,26000,0,26000,2007
"4638","T",9000,0,9000,500,9500,2007
"4639","E",1777199,24212,1801411,0,1801411,2007
"4640","E",0,200,200,750,950,2007
"4641","E",20900,38500,59400,0,59400,2007
"4642","E",11000,1500,12500,3500,16000,2007
"4643","E",15000,6100,21100,750,21850,2007
"4644","T",500,2200,2700,300,3000,2007
"4645","T",16000,1100,17100,750,17850,2007
"4646","E",8200,0,8200,0,8200,2007
"4647","E",388,13600,13988,0,13988,2007
"4648","E",3000,122900,125900,0,125900,2007
"4649","T",0,2800,2800,0,2800,2007
"4650","T",500,2000,2500,600,3100,2007
"4651","T",4691,17400,22091,0,22091,2007
"4652","E",500,0,500,700,1200,2007
"4653","E",0,4100,4100,1500,5600,2007
"4654","E",1500,2100,3600,750,4350,2007
"4655","E",7500,53500,61000,750,61750,2007
"4656","E",5000,7700,12700,0,12700,2007
"4657","T",2500,18600,21100,750,21850,2007
"4658","E",2000,87800,89800,600,90400,2007
"4659","E",178000,0,178000,76200,254200,2007
"4660","E",500,2700,3200,31700,34900,2007
"4661","T",28187,65538,93725,0,93725,2007
"4662","T",0,2993,2993,0,2993,2007
"4663","E",50000,29830,79830,0,79830,2007
"4664","E",36000,12500,48500,2500,51000,2007
"4665","E",500,0,500,0,500,2007
"4666","E",500,0,500,300,800,2007
"4667","T",378312,103936,482248,28529,510777,2007
"4668","E",20182,0,20182,0,20182,2007
"4669","E",77983,8000,85983,0,85983,2007
"4670","T",14076,0,14076,0,14076,2007
"4671","T",46600,0,46600,0,46600,2007
"4672","E",3600,159,3759,0,3759,2007
"4673","E",26000,133562,159562,5300,164862,2007
"4674","E",9900,9500,19400,0,19400,2007
"4675","E",0,280,280,0,280,2007
"4676","T",151950,12351,164301,0,164301,2007
"4677","E",24650,5836,30486,0,30486,2007
"4678","T",2500,0,2500,0,2500,2007
"4679","E",500,0,500,0,500,2007
"4680","E",4934,100,5034,0,5034,2007
"4681","E",0,28500,28500,0,28500,2007
"4682","T",16500,21500,38000,0,38000,2007
"4683","E",1500,4100,5600,750,6350,2007
"4684","E",44335,72880,117215,5576,122791,2007
"4685","E",24000,0,24000,0,24000,2007
"4686","T",10500,0,10500,0,10500,2007
"4687","E",48705,101507,150212,3500,153712,2007
"4688","E",16000,1325,17325,0,17325,2007
"4689","T",500,500,1000,700,1700,2007
"4690","E",1400,0,1400,0,1400,2007
"4691","T",2500,10979,13479,750,14229,2007
"4692","T",900,250,1150,0,1150,2007
"4693","T",16500,8179,24679,0,24679,2007
"4694","T",0,3671,3671,0,3671,2007
"4695","E",155100,52115,207215,0,207215,2007
"4696","E",60000,7400,67400,5000,72400,2007
"4697","E",109800,40736,150536,0,150536,2007
"4698","E",8500,100,8600,900,9500,2007
"4699","E",34600,5750,40350,2000,42350,2007
"4700","T",2967,1000,3967,0,3967,2007
"4701","T",2967,1000,3967,0,3967,2007
"4702","E",20182,0,20182,0,20182,2007
"4703","T",0,5157,5157,0,5157,2007
"4704","T",0,1000,1000,0,1000,2007
"4705","T",2967,1000,3967,0,3967,2007
"4706","T",0,23500,23500,0,23500,2007
"4707","E",1600,0,1600,0,1600,2007
"4708","E",16540,600,17140,0,17140,2007
"4709","E",5034,2000,7034,0,7034,2007
"4710","T",2356,50000,52356,0,52356,2007
"4711","E",875000,8727,883727,0,883727,2007
"4712","E",114339,15000,129339,0,129339,2007
"4713","E",77983,12000,89983,0,89983,2007
"4714","T",0,5100,5100,750,5850,2007
"4715","T",71536,57500,129036,28798,157834,2007
"4716","E",22500,100,22600,3000,25600,2007
"4717","E",14137,4657,18794,0,18794,2007
"4718","E",38000,313169,351169,0,351169,2007
"4719","E",2900,0,2900,0,2900,2007
"4720","E",400,6555,6955,0,6955,2007
"4721","E",2500,0,2500,12917,15417,2007
"4722","E",2557,5157,7714,0,7714,2007
"4723","E",26971,15951,42922,0,42922,2007
"4724","E",22500,0,22500,0,22500,2007
"4725","T",5000,0,5000,0,5000,2007
"4726","T",5500,12850,18350,600,18950,2007
"4727","E",22500,0,22500,0,22500,2007
"4728","T",44000,0,44000,0,44000,2007
"4729","E",10600,0,10600,0,10600,2007
"4730","E",29060,7414,36474,0,36474,2007
"4731","T",16500,15000,31500,0,31500,2007
"4732","E",1900,100,2000,0,2000,2007
"4733","T",47699,28600,76299,0,76299,2007
"4734","E",5034,2000,7034,0,7034,2007
"4735","E",34799,3000,37799,0,37799,2007
"4736","E",541500,4325,545825,1000,546825,2007
"4737","E",20500,5539,26039,0,26039,2007
"4738","T",1500,0,1500,750,2250,2007
"4739","T",52067,0,52067,0,52067,2007
"4740","E",1300,84876,86176,0,86176,2007
"4741","E",10300,0,10300,0,10300,2007
"4742","E",400,0,400,0,400,2007
"4743","E",4600,4485,9085,0,9085,2007
"4744","E",2000,0,2000,0,2000,2007
"4745","E",4600,4485,9085,0,9085,2007
"4746","E",8300,169,8469,0,8469,2007
"4747","E",1500,188845,190345,0,190345,2007
"4748","E",12700,0,12700,0,12700,2007
"4749","E",6200,4485,10685,0,10685,2007
"4750","E",1000,42438,43438,0,43438,2007
"4751","E",400,127314,127714,0,127714,2007
"4752","E",8000,0,8000,0,8000,2007
"4753","E",1500,146407,147907,0,147907,2007
"4754","E",1500,0,1500,0,1500,2007
"4755","E",500,0,500,0,500,2007
"4756","E",13900,0,13900,0,13900,2007
"4757","E",700,0,700,0,700,2007
"4758","E",500,0,500,0,500,2007
"4759","E",800,0,800,0,800,2007
"4760","T",500,0,500,0,500,2007
"4761","E",400,0,400,0,400,2007
"4762","E",59800,5000,64800,0,64800,2007
"4763","E",600,84876,85476,0,85476,2007
"4764","E",700,0,700,0,700,2007
"4765","E",1600,146407,148007,0,148007,2007
"4766","E",600,0,600,0,600,2007
"4767","E",2000,0,2000,0,2000,2007
"4768","E",2800,40500,43300,0,43300,2007
"4769","E",14500,0,14500,0,14500,2007
"4770","E",39364,6333,45697,3526,49223,2007
"4771","E",700,8500,9200,0,9200,2007
"4772","E",2500,5000,7500,0,7500,2007
"4773","E",600,0,600,0,600,2007
"4774","E",500,0,500,0,500,2007
"4775","E",800,188845,189645,0,189645,2007
"4776","E",9500,8500,18000,0,18000,2007
"4777","T",400,900,1300,0,1300,2007
"4778","E",400,0,400,0,400,2007
"4779","E",900,0,900,0,900,2007
"4780","E",1600,42438,44038,0,44038,2007
"4781","E",3500,8500,12000,0,12000,2007
"4782","E",513,84876,85389,0,85389,2007
"4783","T",13000,20000,33000,0,33000,2007
"4784","T",3200,0,3200,0,3200,2007
"4785","E",1100,1100,2200,0,2200,2007
"4786","E",1100,0,1100,0,1100,2007
"4787","E",2000,0,2000,0,2000,2007
"4788","E",4000,0,4000,0,4000,2007
"4789","E",500,0,500,0,500,2007
"4790","E",500,0,500,0,500,2007
"4791","E",1800,217102,218902,0,218902,2007
"4792","T",14433,107981,122414,3800,126214,2007
"4793","E",4800,0,4800,0,4800,2007
"4794","E",2700,0,2700,0,2700,2007
"4795","E",500,0,500,0,500,2007
"4796","E",3164,37954,41118,0,41118,2007
"4797","T",13200,8630,21830,1800,23630,2007
"4798","E",24900,0,24900,0,24900,2007
"4799","E",300,4485,4785,0,4785,2007
"4800","T",20100,0,20100,0,20100,2007
"4801","E",4100,0,4100,0,4100,2007
"4802","E",28000,22500,50500,0,50500,2007
"4803","E",20182,75000,95182,0,95182,2007
"4804","T",12205,1250,13455,1800,15255,2007
"4805","E",1900,42438,44338,0,44338,2007
"4806","E",700,0,700,0,700,2007
"4807","E",400,0,400,0,400,2007
"4808","E",600,0,600,0,600,2007
"4809","E",600,0,600,0,600,2007
"4810","E",110400,188845,299245,0,299245,2007
"4811","E",1700,0,1700,0,1700,2007
"4812","E",16800,50000,66800,0,66800,2007
"4813","E",400,0,400,0,400,2007
"4814","E",1500,217102,218602,0,218602,2007
"4815","E",56100,5000,61100,0,61100,2007
"4816","E",3300,0,3300,0,3300,2007
"4817","E",15700,40000,55700,0,55700,2007
"4818","E",1400,0,1400,0,1400,2007
"4819","E",400,1500,1900,0,1900,2007
"4820","E",500,0,500,0,500,2007
"4821","E",700,0,700,0,700,2007
"4822","E",2600,42438,45038,0,45038,2007
"4823","T",500,0,500,0,500,2007
"4824","E",3000,0,3000,0,3000,2007
"4825","E",26000,5865,31865,0,31865,2007
"4826","E",600,0,600,0,600,2007
"4827","E",3100,15003,18103,0,18103,2007
"4828","E",600,50,650,0,650,2007
"4829","E",18100,194710,212810,0,212810,2007
"4830","E",400,0,400,0,400,2007
"4831","E",7100,500,7600,0,7600,2007
"4832","E",12900,146566,159466,0,159466,2007
"4833","E",1000,600,1600,750,2350,2007
"4834","E",18000,7920,25920,11100,37020,2007
"4835","T",76006,264511,340517,7122,347639,2007
"4836","E",1400,37954,39354,0,39354,2007
"4837","E",114000,0,114000,0,114000,2007
"4838","E",400,0,400,0,400,2007
"4839","E",17178,81257,98435,0,98435,2007
"4840","E",6200,11804,18004,0,18004,2007
"4841","E",13500,0,13500,3000,16500,2007
"4842","E",15500,3750,19250,0,19250,2007
"4843","E",0,16000,16000,0,16000,2007
"4844","E",3500,0,3500,0,3500,2007
"4845","E",17600,0,17600,1000,18600,2007
"4846","E",104263,9515,113778,0,113778,2007
"4847","E",1400,1000,2400,0,2400,2007
"4848","T",1700,0,1700,3300,5000,2007
"4849","E",47318,65582,112900,0,112900,2007
"4850","E",16000,185747,201747,0,201747,2007
"4851","E",25192,0,25192,2833,28025,2007
"4852","E",600,0,600,0,600,2007
"4853","E",1200,4700,5900,0,5900,2007
"4854","E",11500,146407,157907,0,157907,2007
"4855","E",600,0,600,0,600,2007
"4856","E",1600,0,1600,0,1600,2007
"4857","E",3500,0,3500,0,3500,2007
"4858","E",600,0,600,0,600,2007
"4859","E",3500,0,3500,0,3500,2007
"4860","E",0,11185,11185,0,11185,2007
"4861","T",223300,235341,458641,0,458641,2007
"4862","E",3534,0,3534,0,3534,2007
"4863","E",39800,188845,228645,0,228645,2007
"4864","T",92400,2600,95000,0,95000,2007
"4865","E",0,6590,6590,0,6590,2007
"4866","E",4856,3000,7856,0,7856,2007
"4867","E",2103,0,2103,2800,4903,2007
"4868","T",3600,0,3600,0,3600,2007
"4869","E",32500,0,32500,1500,34000,2007
"4870","T",0,36000,36000,0,36000,2007
"4871","T",6701,500,7201,0,7201,2007
"4872","T",21500,0,21500,0,21500,2007
"4873","E",0,2000,2000,0,2000,2007
"4874","E",10236,16314,26550,0,26550,2007
"4875","E",400,0,400,0,400,2007
"4876","E",19200,152066,171266,0,171266,2007
"4877","E",400,0,400,0,400,2007
"4878","E",3500,159,3659,0,3659,2007
"4879","E",94680,3050,97730,0,97730,2007
"4880","E",44318,1000,45318,0,45318,2007
"4881","E",10600,0,10600,0,10600,2007
"4882","E",17500,4785,22285,0,22285,2007
"4883","E",37100,189745,226845,0,226845,2007
"4884","E",1777199,0,1777199,0,1777199,2007
"4885","E",0,24212,24212,0,24212,2007
"4886","E",20115,0,20115,0,20115,2007
"4887","T",20100,0,20100,0,20100,2007
"4888","E",39798,0,39798,0,39798,2007
"4889","E",14728,4000,18728,0,18728,2007
"4890","E",35523,0,35523,0,35523,2007
"4891","T",42500,0,42500,0,42500,2007
"4892","T",10393,6000,16393,0,16393,2007
"4893","T",0,45,45,0,NA,2007
"4894","E",120900,93000,213900,750,214650,2007
"4895","E",24750,537,25287,2418,27705,2007
"4896","E",13181,87960,101141,0,101141,2007
"4897","E",13974,1300,15274,0,15274,2007
"4898","E",1474,18000,19474,0,19474,2007
"4899","T",273242,165000,438242,750,438992,2007
"4900","E",8000,10100,18100,750,18850,2007
"4901","E",113400,91300,204700,0,204700,2007
"4902","E",324162,6000,330162,0,330162,2007
"4903","E",42139,0,42139,0,42139,2007
"4904","E",0,804,804,0,804,2007
"4905","T",23300,24694,47994,14000,61994,2007
"4906","T",1500,34100,35600,1850,37450,2007
"4907","E",800,0,800,0,800,2007
"4908","E",9000,3700,12700,0,12700,2007
"4909","E",2400,0,2400,0,2400,2007
"4910","E",800,13500,14300,0,14300,2007
"4911","E",59340,0,59340,0,59340,2007
"4912","E",2500,3117,5617,100,5717,2007
"4913","T",55800,0,55800,3500,59300,2007
"4914","E",77983,16000,93983,0,93983,2007
"4915","E",1178,0,1178,0,1178,2007
"4916","E",12644,140,12784,0,12784,2007
"4917","E",7300,0,7300,0,7300,2007
"4918","T",2056,0,2056,0,2056,2007
"4919","E",600,0,600,0,600,2007
"4920","E",2000,127314,129314,0,129314,2007
"4921","E",7000,159,7159,0,7159,2007
"4922","E",12500,0,12500,0,12500,2007
"4923","E",700,0,700,0,700,2007
"4924","T",1810932,20462,1831394,0,1831394,2007
"4925","E",10600,146407,157007,0,157007,2007
"4926","E",400,1100,1500,0,1500,2007
"4927","E",700,0,700,0,700,2007
"4928","E",8000,0,8000,0,8000,2007
"4929","E",400,0,400,0,400,2007
"4930","E",400,0,400,0,400,2007
"4931","E",400,0,400,0,400,2007
"4932","E",400,0,400,0,400,2007
"4933","E",400,146407,146807,0,146807,2007
"4934","E",400,0,400,0,400,2007
"4935","E",6000,42438,48438,0,48438,2007
"4936","E",136467,1800,138267,0,138267,2007
"4937","E",600,0,600,0,600,2007
"4938","E",12900,42438,55338,0,55338,2007
"4939","E",700,0,700,0,700,2007
"4940","E",400,146407,146807,0,146807,2007
"4941","E",2000,42438,44438,0,44438,2007
"4942","E",1500,0,1500,0,1500,2007
"4943","E",600,0,600,0,600,2007
"4944","E",5000,0,5000,0,5000,2007
"4945","E",1500,0,1500,0,1500,2007
"4946","E",112900,5000,117900,0,117900,2007
"4947","E",1000,11048,12048,0,12048,2007
"4948","E",100500,0,100500,0,100500,2007
"4949","E",1000,0,1000,0,1000,2007
"4950","E",400,1100,1500,0,1500,2007
"4951","E",14000,0,14000,0,14000,2007
"4952","E",1500,0,1500,0,1500,2007
"4953","E",1400,42438,43838,0,43838,2007
"4954","E",2600,0,2600,0,2600,2007
"4955","E",3600,900,4500,0,4500,2007
"4956","E",1800,0,1800,0,1800,2007
"4957","E",8000,0,8000,0,8000,2007
"4958","E",500,0,500,0,500,2007
"4959","T",9500,2450,11950,15606,27556,2007
"4960","T",500,0,500,0,500,2007
"4961","E",500,0,500,0,500,2007
"4962","E",500,0,500,0,500,2007
"4963","E",9700,146407,156107,0,156107,2007
"4964","E",9600,146407,156007,0,156007,2007
"4965","E",10400,146407,156807,0,156807,2007
"4966","E",15400,84876,100276,0,100276,2007
"4967","E",13500,146407,159907,0,159907,2007
"4968","E",600,0,600,0,600,2007
"4969","E",500,0,500,0,500,2007
"4970","E",5500,0,5500,0,5500,2007
"4971","E",500,0,500,0,500,2007
"4972","E",500,217102,217602,0,217602,2007
"4973","E",600,42438,43038,0,43038,2007
"4974","E",700,0,700,0,700,2007
"4975","E",10500,42438,52938,0,52938,2007
"4976","E",600,84876,85476,0,85476,2007
"4977","E",4500,0,4500,0,4500,2007
"4978","E",500,0,500,0,500,2007
"4979","E",500,0,500,0,500,2007
"4980","E",3100,0,3100,0,3100,2007
"4981","E",600,0,600,0,600,2007
"4982","E",100500,10000,110500,0,110500,2007
"4983","E",4000,0,4000,0,4000,2007
"4984","E",4000,0,4000,0,4000,2007
"4985","E",500,0,500,0,500,2007
"4986","E",1500,0,1500,0,1500,2007
"4987","E",9700,188845,198545,0,198545,2007
"4988","E",2200,217152,219352,0,219352,2007
"4989","E",500,0,500,0,500,2007
"4990","E",2182,0,2182,0,2182,2007
"4991","E",2182,0,2182,0,2182,2007
"4992","E",400,0,400,0,400,2007
"4993","E",1000,84876,85876,0,85876,2007
"4994","E",10300,188845,199145,0,199145,2007
"4995","E",500,0,500,0,500,2007
"4996","E",4800,0,4800,0,4800,2007
"4997","E",5600,0,5600,0,5600,2007
"4998","E",2000,42438,44438,0,44438,2007
"4999","E",51400,0,51400,0,51400,2007
"5000","E",2000,0,2000,0,2000,2007
"5001","E",500,0,500,0,500,2007
"5002","E",600,1100,1700,0,1700,2007
"5003","E",5900,69,5969,0,5969,2007
"5004","E",400,1100,1500,0,1500,2007
"5005","E",400,1100,1500,0,1500,2007
"5006","E",500,1100,1600,0,1600,2007
"5007","E",10300,146407,156707,0,156707,2007
"5008","E",8000,84876,92876,0,92876,2007
"5009","E",400,5865,6265,0,6265,2007
"5010","E",500,0,500,0,500,2007
"5011","E",9400,42507,51907,0,51907,2007
"5012","E",10800,188845,199645,0,199645,2007
"5013","E",800,1100,1900,0,1900,2007
"5014","E",400,0,400,0,400,2007
"5015","E",400,1100,1500,0,1500,2007
"5016","E",9500,188845,198345,0,198345,2007
"5017","E",400,0,400,0,400,2007
"5018","E",400,0,400,0,400,2007
"5019","T",400,0,400,0,400,2007
"5020","E",1400,0,1400,0,1400,2007
"5021","T",6600,0,6600,0,6600,2007
"5022","E",2500,0,2500,0,2500,2007
"5023","T",1300,225652,226952,0,226952,2007
"5024","E",10400,217102,227502,0,227502,2007
"5025","E",900,0,900,0,900,2007
"5026","E",10000,217102,227102,0,227102,2007
"5027","E",2600,217102,219702,0,219702,2007
"5028","E",600,0,600,0,600,2007
"5029","E",1200,1100,2300,0,2300,2007
"5030","E",1500,42438,43938,0,43938,2007
"5031","E",500,0,500,0,500,2007
"5032","E",600,217102,217702,0,217702,2007
"5033","E",11500,146407,157907,0,157907,2007
"5034","E",500,0,500,0,500,2007
"5035","E",600,0,600,0,600,2007
"5036","T",500,2500,3000,0,3000,2007
"5037","E",1100,0,1100,0,1100,2007
"5038","E",4000,0,4000,0,4000,2007
"5039","E",129400,217102,346502,0,346502,2007
"5040","E",1300,0,1300,0,1300,2007
"5041","E",500,0,500,0,500,2007
"5042","E",500,84876,85376,0,85376,2007
"5043","E",1600,1100,2700,0,2700,2007
"5044","E",4600,6555,11155,0,11155,2007
"5045","T",1000,0,1000,300,1300,2007
"5046","E",600,0,600,0,600,2007
"5047","E",12500,188845,201345,0,201345,2007
"5048","E",214200,40659,254859,0,254859,2007
"5049","E",3000,0,3000,0,3000,2007
"5050","E",39619,0,39619,0,39619,2007
"5051","E",700,42438,43138,0,43138,2007
"5052","T",40100,21104,61204,14320,75524,2007
"5053","T",133295,41970,175265,7300,182565,2007
"5054","E",0,20462,20462,0,20462,2007
"5055","E",22680,45500,68180,0,68180,2007
"5056","E",22400,1200,23600,0,23600,2007
"5057","T",0,22100,22100,0,22100,2007
"5058","T",28339,10700,39039,0,39039,2007
"5059","T",0,20500,20500,0,20500,2007
"5060","E",35523,0,35523,0,35523,2007
"5061","T",76827,0,76827,0,76827,2007
"5062","T",1198226,44482,1242708,0,1242708,2007
"5063","E",12592,5457,18049,0,18049,2007
"5064","E",500,0,500,0,500,2007
"5065","E",1600,0,1600,0,1600,2007
"5066","E",2600,0,2600,0,2600,2007
"5067","E",1600,0,1600,0,1600,2007
"5068","E",5500,0,5500,0,5500,2007
"5069","E",600,0,600,0,600,2007
"5070","E",11500,188845,200345,0,200345,2007
"5071","E",600,2159,2759,0,2759,2007
"5072","E",1500,0,1500,0,1500,2007
"5073","E",4500,9800,14300,0,14300,2007
"5074","E",13000,0,13000,0,13000,2007
"5075","E",4000,0,4000,0,4000,2007
"5076","E",1000,0,1000,0,1000,2007
"5077","E",0,33200,33200,0,33200,2007
"5078","E",22262,44400,66662,0,66662,2007
"5079","E",41231,105000,146231,0,146231,2007
"5080","E",14500,0,14500,0,14500,2007
"5081","E",1000,8500,9500,0,9500,2007
"5082","E",8247,6090,14337,0,14337,2007
"5083","E",2444,5000,7444,0,7444,2007
"5084","E",50000,15550,65550,300,65850,2007
"5085","E",42693,0,42693,0,42693,2007
"5086","T",11500,30500,42000,0,42000,2007
"5087","E",8000,0,8000,0,8000,2007
"5088","T",47905,11481,59386,3500,62886,2007
"5089","E",26000,27470,53470,0,53470,2007
"5090","E",99079,14960,114039,0,114039,2007
"5091","E",500,0,500,700,1200,2007
"5092","E",12000,4700,16700,0,16700,2007
"5093","E",33400,29750,63150,0,63150,2007
"5094","E",1800,0,1800,0,1800,2007
"5095","E",11500,15000,26500,0,26500,2007
"5096","T",47028,127916,174944,7588,182532,2007
"5097","E",800,30000,30800,0,30800,2007
"5098","E",2500,1004,3504,0,3504,2007
"5099","E",1178,0,1178,0,1178,2007
"5100","E",52200,340052,392252,12350,404602,2007
"5101","E",0,0,0,300,300,2007
"5102","E",36000,23000,59000,0,59000,2007
"5103","E",1000,217102,218102,0,218102,2007
"5104","E",11500,5000,16500,0,16500,2007
"5105","E",500,280,780,2500,3280,2007
"5106","T",12500,193575,206075,1000,207075,2007
"5107","E",3534,0,3534,0,3534,2007
"5108","E",600,225602,226202,0,226202,2007
"5109","E",38000,2075,40075,0,40075,2007
"5110","E",1500,0,1500,0,1500,2007
"5111","E",2500,0,2500,0,2500,2007
"5112","T",0,13000,13000,0,13000,2007
"5113","E",3100,7500,10600,0,10600,2007
"5114","T",9400,0,9400,0,9400,2007
"5115","E",500,10003,10503,0,10503,2007
"5116","E",3000,0,3000,2500,5500,2007
"5117","E",3000,200,3200,0,3200,2007
"5118","T",4000,2852,6852,0,6852,2007
"5119","E",5000,7866,12866,0,12866,2007
"5120","E",500,0,500,0,500,2007
"5121","E",17000,25500,42500,0,42500,2007
"5122","E",1000,45,1045,0,1045,2007
"5123","E",12000,5600,17600,0,17600,2007
"5124","E",1400,0,1400,0,1400,2007
"5125","E",5000,2000,7000,0,7000,2007
"5126","E",2841,0,2841,607,3448,2007
"5127","E",0,37954,37954,0,37954,2007
"5128","E",2000,24000,26000,0,26000,2007
"5129","T",36000,9860,45860,0,45860,2007
"5130","E",63500,0,63500,0,63500,2007
"5131","E",7300,0,7300,0,7300,2007
"5132","T",0,100,100,0,100,2007
"5133","E",19000,0,19000,1500,20500,2007
"5134","T",0,5157,5157,0,5157,2007
"5135","E",0,80,80,18700,18780,2007
"5136","E",26000,0,26000,0,26000,2007
"5137","E",6900,17500,24400,0,24400,2007
"5138","T",75426,0,75426,0,75426,2007
"5139","E",31400,935,32335,0,32335,2007
"5140","E",69130,15809,84939,0,84939,2007
"5141","E",2200,1000,3200,0,3200,2007
"5142","E",42000,373,42373,0,42373,2007
"5143","T",5100,529081,534181,0,534181,2007
"5144","E",9000,0,9000,0,9000,2007
"5145","T",2600,15,2615,750,3365,2007
"5146","E",30600,37400,68000,0,68000,2007
"5147","T",18500,18500,37000,0,37000,2007
"5148","T",7000,42465,49465,0,49465,2007
"5149","E",4000,23000,27000,0,27000,2007
"5150","T",8500,800,9300,1000,10300,2007
"5151","E",47000,300,47300,11000,58300,2007
"5152","E",8468,0,8468,0,8468,2007
"5153","E",5900,0,5900,0,5900,2007
"5154","T",150892,16071,166963,0,166963,2007
"5155","E",0,89161,89161,0,89161,2007
"5156","E",7974,11363,19337,0,19337,2007
"5157","E",23503,0,23503,0,23503,2007
"5158","E",2000,7600,9600,0,9600,2007
"5159","T",86583,15960,102543,731,103274,2007
"5160","E",1500,1404,2904,0,2904,2007
"5161","T",6900,4600,11500,0,11500,2007
"5162","T",46780,0,46780,0,46780,2007
"5163","T",22000,300,22300,0,22300,2007
"5164","E",32821,4236,37057,0,37057,2007
"5165","E",700,0,700,0,700,2007
"5166","E",16410,144110,160520,3000,163520,2007
"5167","E",13400,28266,41666,0,41666,2007
"5168","T",13400,6666,20066,0,20066,2007
"5169","T",88000,3700,91700,900,92600,2007
"5170","E",26300,2085,28385,0,28385,2007
"5171","T",17100,0,17100,0,17100,2007
"5172","E",10600,0,10600,0,10600,2007
"5173","E",151255,16000,167255,0,167255,2007
"5174","E",60865,30000,90865,0,90865,2007
"5175","T",1848793,0,1848793,0,1848793,2007
"5176","T",11903,0,11903,0,11903,2007
"5177","T",22000,0,22000,0,22000,2007
"5178","E",14359,0,14359,0,14359,2007
"5179","E",106357,0,106357,0,106357,2007
"5180","E",600,0,600,0,600,2007
"5181","T",20600,21364,41964,1200,43164,2007
"5182","T",6000,11000,17000,0,17000,2007
"5183","E",19500,0,19500,0,19500,2007
"5184","T",1954815,0,1954815,0,1954815,2007
"5185","E",4000,0,4000,0,4000,2007
"5186","T",0,26915,26915,0,26915,2007
"5187","E",0,0,0,3000,3000,2007
"5188","E",22500,21350,43850,2500,46350,2007
"5189","E",35780,0,35780,0,35780,2007
"5190","T",10486,5815,16301,0,16301,2007
"5191","E",16000,25500,41500,0,41500,2007
"5192","E",500,0,500,0,500,2007
"5193","T",11500,800,12300,0,12300,2007
"5194","E",12600,0,12600,0,12600,2007
"5195","E",400,0,400,0,400,2007
"5196","E",39555,0,39555,0,39555,2007
"5197","E",29080,600,29680,0,29680,2007
"5198","E",16420,63000,79420,0,79420,2007
"5199","E",2000,0,2000,0,2000,2007
"5200","E",10500,0,10500,0,10500,2007
"5201","T",9000,5550,14550,0,14550,2007
"5202","E",71000,339250,410250,750,411000,2007
"5203","E",37271,1500,38771,0,38771,2007
"5204","T",19400,0,19400,0,19400,2007
"5205","E",8818,9400,18218,0,18218,2007
"5206","T",0,100,100,0,100,2007
"5207","E",283650,4629,288279,7500,295779,2007
"5208","E",34500,21500,56000,0,56000,2007
"5209","E",11400,44500,55900,0,55900,2007
"5210","E",706,37954,38660,0,38660,2007
"5211","E",0,30266,30266,0,30266,2007
"5212","T",371,20200,20571,0,20571,2007
"5213","E",0,3500,3500,0,3500,2007
"5214","E",29000,0,29000,0,29000,2007
"5215","T",8000,5865,13865,0,13865,2007
"5216","E",12000,0,12000,0,12000,2007
"5217","E",4100,11100,15200,0,15200,2007
"5218","E",1800,0,1800,0,1800,2007
"5219","E",600,41100,41700,0,41700,2007
"5220","E",14800,146566,161366,0,161366,2007
"5221","E",400,0,400,0,400,2007
"5222","E",6000,146407,152407,0,152407,2007
"5223","E",2900,0,2900,0,2900,2007
"5224","E",500,84876,85376,0,85376,2007
"5225","E",13900,0,13900,0,13900,2007
"5226","E",7000,0,7000,0,7000,2007
"5227","E",8500,42438,50938,0,50938,2007
"5228","E",700,8500,9200,0,9200,2007
"5229","E",500,5000,5500,0,5500,2007
"5230","E",36100,0,36100,0,36100,2007
"5231","E",50500,5069,55569,0,55569,2007
"5232","E",600,0,600,0,600,2007
"5233","E",500,69,569,0,569,2007
"5234","E",3000,69,3069,0,3069,2007
"5235","E",50500,5000,55500,0,55500,2007
"5236","E",4600,2760,7360,0,7360,2007
"5237","E",600,127314,127914,0,127914,2007
"5238","T",62587,2500,65087,0,65087,2007
"5239","E",23678,0,23678,0,23678,2007
"5240","E",16500,22700,39200,0,39200,2007
"5241","E",8400,0,8400,0,8400,2007
"5242","T",12500,0,12500,0,12500,2007
"5243","E",25700,500,26200,0,26200,2007
"5244","T",13000,3750,16750,200,16950,2007
"5245","E",5500,0,5500,0,5500,2007
"5246","E",700,0,700,0,700,2007
"5247","E",5600,0,5600,0,5600,2007
"5248","E",500,0,500,0,500,2007
"5249","E",4800,217221,222021,0,222021,2007
"5250","E",9400,42438,51838,0,51838,2007
"5251","E",1300,0,1300,0,1300,2007
"5252","E",600,0,600,0,600,2007
"5253","E",12200,1169,13369,0,13369,2007
"5254","E",4500,0,4500,0,4500,2007
"5255","E",4500,0,4500,0,4500,2007
"5256","E",600,84876,85476,0,85476,2007
"5257","E",5000,0,5000,0,5000,2007
"5258","E",5500,0,5500,0,5500,2007
"5259","E",4500,0,4500,0,4500,2007
"5260","E",4500,0,4500,0,4500,2007
"5261","E",9400,42507,51907,0,51907,2007
"5262","E",2000,0,2000,500,2500,2007
"5263","E",9000,94038,103038,1000,104038,2007
"5264","E",2000,0,2000,500,2500,2007
"5265","E",12400,4485,16885,0,16885,2007
"5266","E",500,42438,42938,0,42938,2007
"5267","E",14400,79000,93400,0,93400,2007
"5268","E",18500,0,18500,0,18500,2007
"5269","E",130500,127513,258013,57476,315489,2014
"5270","E",568728,1301772,1870500,103125,1973625,2014
"5271","E",921459,594361,1515820,0,1515820,2014
"5272","E",2497818,12398390,14896208,296548,15192756,2014
"5273","E",40000,665525,705525,26500,732025,2014
"5274","E",22967,0,22967,0,22967,2014
"5275","T",60839,460658,521497,0,521497,2014
"5276","E",8000,33000,41000,0,41000,2014
"5277","E",103240,74274,177514,12500,190014,2014
"5278","E",83600,218387,301987,157716,459703,2014
"5279","SAT",4500,21990,26490,0,26490,2014
"5280","T",2088262,4182885,6271147,1765806,8036953,2014
"5281","EXPN",274056,283425,557481,457000,1014481,2014
"5282","T",0,23770,23770,0,23770,2014
"5283","T",0,1100,1100,3300,4400,2014
"5284","T",192000,607380,799380,150679,950059,2014
"5285","T",1160000,2522787,3682787,78500,3761287,2014
"5286","T",247000,25000,272000,0,272000,2014
"5287","E",313935,47480,361415,18100,379515,2014
"5288","E",1237982,67512,1305494,18100,1323594,2014
"5289","E",13000,18930,31930,0,31930,2014
"5290","E",5300,776371,781671,105472,887143,2014
"5291","EXPN",4696645,495156,5191801,270745,5462546,2014
"5292","E",585082,3691154,4276236,0,4276236,2014
"5293","E",115669,158000,273669,0,273669,2014
"5294","E",49750,160000,209750,0,209750,2014
"5295","E",80640,130000,210640,0,210640,2014
"5296","E",74063,40000,114063,0,114063,2014
"5297","E",433700,169165,602865,22800,625665,2014
"5298","E",27200,282854,310054,0,310054,2014
"5299","E",100,0,100,0,100,2014
"5300","E",0,68051,68051,0,68051,2014
"5301","E",86851,220611,307462,0,307462,2014
"5302","E",18346,500,18846,0,18846,2014
"5303","E",168786,83548,252334,0,252334,2014
"5304","E",4408,280723,285131,0,285131,2014
"5305","E",70992,38411,109403,0,109403,2014
"5306","T",1434871,3635984,5070855,192647,5263502,2014
"5307","E",2131500,2798095,4929595,18700,4948295,2014
"5308","E",22213,35800,58013,0,58013,2014
"5309","E",78000,20785,98785,0,98785,2014
"5310","E",78000,600,78600,1570,80170,2014
"5311","E",83500,47580,131080,8635,139715,2014
"5312","E",4500,5810,10310,0,10310,2014
"5313","E",310607,270819,581426,29500,610926,2014
"5314","E",61190,9100,70290,0,70290,2014
"5315","E",149000,44538,193538,19626,213164,2014
"5316","T",85480,429354,514834,98953,613787,2014
"5317","E",526724,439393,966117,0,966117,2014
"5318","T",28000,76500,104500,1570,106070,2014
"5319","E",104500,33500,138000,7850,145850,2014
"5320","E",514967,486979,1001946,15000,1016946,2014
"5321","T",283000,80020,363020,3500,366520,2014
"5322","T",5878,751268,757146,0,757146,2014
"5323","E",1905500,1118425,3023925,749584,3773509,2014
"5324","T",102500,6595,109095,4000,113095,2014
"5325","T",44000,729329,773329,4000,777329,2014
"5326","T",69000,6595,75595,4000,79595,2014
"5327","T",108000,30595,138595,4000,142595,2014
"5328","T",278924,459854,738778,325000,1063778,2014
"5329","E",499000,380250,879250,135800,1015050,2014
"5330","EXPN",385000,169500,554500,0,554500,2014
"5331","E",30000,0,30000,1000,31000,2014
"5332","E",195583,67931,263514,80800,344314,2014
"5333","E",11000,257461,268461,0,268461,2014
"5334","E",51552,132,51684,0,51684,2014
"5335","E",7000,2210,9210,0,9210,2014
"5336","T",0,151000,151000,0,151000,2014
"5337","E",1962,5270543,5272505,0,5272505,2014
"5338","DM",18770,777264,796034,5000,801034,2014
"5339","E",0,29928667,29928667,543681,30472348,2014
"5340","T",0,82383,82383,0,82383,2014
"5341","T",0,791875,791875,0,791875,2014
"5342","E",4303,63620,67923,0,67923,2014
"5343","E",61470,113200,174670,0,174670,2014
"5344","E",44660,10800,55460,0,55460,2014
"5345","E",100500,61600,162100,24504,186604,2014
"5346","E",117029,1494710,1611739,5000,1616739,2014
"5347","E",10500,14455,24955,25500,50455,2014
"5348","T",171439,76814,248253,0,248253,2014
"5349","E",198790,96800,295590,0,295590,2014
"5350","E",5000,1000,6000,0,6000,2014
"5351","E",200,45100,45300,4150,49450,2014
"5352","E",0,2142015,2142015,0,2142015,2014
"5353","E",1000,2559771,2560771,0,2560771,2014
"5354","E",0,913017,913017,0,913017,2014
"5355","E",0,97741,97741,0,97741,2014
"5356","E",0,1666456,1666456,0,1666456,2014
"5357","E",0,117844,117844,0,117844,2014
"5358","E",25500,4720149,4745649,0,4745649,2014
"5359","E",0,2405118,2405118,3000,2408118,2014
"5360","E",1000,10206748,10207748,0,10207748,2014
"5361","E",0,361594,361594,0,361594,2014
"5362","E",0,1275022,1275022,0,1275022,2014
"5363","E",0,1000,1000,0,1000,2014
"5364","E",1000,1403828,1404828,0,1404828,2014
"5365","E",1267822,2550497,3818319,284994,4103313,2014
"5366","T",62000,40000,102000,0,102000,2014
"5367","EXPN",2215488,129993,2345481,125000,2470481,2014
"5368","EXPN",41972,710460,752432,0,752432,2014
"5369","E",304000,29000,333000,0,333000,2014
"5370","EXPN",972000,17000,989000,33673,1022673,2014
"5371","E",23000,10700,33700,0,33700,2014
"5372","E",13456,132,13588,0,13588,2014
"5373","E",131488,38722,170210,0,170210,2014
"5374","E",101589,80264,181853,0,181853,2014
"5375","E",11622,0,11622,0,11622,2014
"5376","E",9739,0,9739,0,9739,2014
"5377","E",93477,80264,173741,0,173741,2014
"5378","E",141628,44222,185850,0,185850,2014
"5379","E",142773,13639,156412,0,156412,2014
"5380","E",128000,10230,138230,0,138230,2014
"5381","E",163500,3800,167300,1500,168800,2014
"5382","T",110000,865284,975284,0,975284,2014
"5383","E",1440636,813299,2253935,0,2253935,2014
"5384","EXPN",16000,254882,270882,198500,469382,2014
"5385","E",736027,366454,1102481,0,1102481,2014
"5386","E",512500,5254,517754,0,517754,2014
"5387","E",159410,403501,562911,11407,574318,2014
"5388","EXPN",809326,34750,844076,38873,882949,2014
"5389","EXPN",938124,717215,1655339,2100,1657439,2014
"5390","EXPN",0,15250,15250,133,15383,2014
"5391","E",94940,58722,153662,0,153662,2014
"5392","E",9898,0,9898,0,9898,2014
"5393","E",8884,0,8884,0,8884,2014
"5394","E",1131303,2000,1133303,0,1133303,2014
"5395","E",897416,427004,1324420,0,1324420,2014
"5396","E",10000,0,10000,0,10000,2014
"5397","E",4700,33054,37754,0,37754,2014
"5398","E",686156,485156,1171312,0,1171312,2014
"5399","E",85868,409773,495641,0,495641,2014
"5400","T",583500,186634,770134,0,770134,2014
"5401","T",1300500,356623,1657123,2500,1659623,2014
"5402","E",57109,239222,296331,0,296331,2014
"5403","E",86800,993182,1079982,2000,1081982,2014
"5404","EXPN",50000,233809,283809,0,283809,2014
"5405","E",12659,2991,15650,0,15650,2014
"5406","E",46121,6483,52604,0,52604,2014
"5407","E",796290,22318535,23114825,42520,23157345,2014
"5408","T",228623,885554,1114177,0,1114177,2014
"5409","E",434844,531795,966639,0,966639,2014
"5410","E",182217,57030,239247,0,239247,2014
"5411","E",90000,10726,100726,0,100726,2014
"5412","E",93000,16424,109424,0,109424,2014
"5413","E",10405,5458,15863,0,15863,2014
"5414","T",343383,1798129,2141512,10000,2151512,2014
"5415","E",139992,158728,298720,0,298720,2014
"5416","E",289500,743611,1033111,44240,1077351,2014
"5417","E",41211,523540,564751,0,564751,2014
"5418","E",37472,2991,40463,0,40463,2014
"5419","E",688656,321856,1010512,0,1010512,2014
"5420","E",234316,228023,462339,0,462339,2014
"5421","T",1712999,2563951,4276950,631933,4908883,2014
"5422","E",8000,0,8000,0,8000,2014
"5423","E",8522,0,8522,0,8522,2014
"5424","E",8015,0,8015,0,8015,2014
"5425","E",8895,0,8895,0,8895,2014
"5426","T",101279,5737697,5838976,24151,5863127,2014
"5427","T",4896153,8336113,13232266,164500,13396766,2014
"5428","E",647999,59393,707392,0,707392,2014
"5429","E",233425,14458,247883,0,247883,2014
"5430","E",1431500,53968,1485468,0,1485468,2014
"5431","E",10000,0,10000,0,10000,2014
"5432","E",230035,417684,647719,0,647719,2014
"5433","E",12500,2330,14830,0,14830,2014
"5434","E",476382,358260,834642,18500,853142,2014
"5435","T",1175229,10126690,11301919,383260,11685179,2014
"5436","T",1386510,2795411,4181921,44100,4226021,2014
"5437","E",8377,0,8377,0,8377,2014
"5438","E",1456409,16150,1472559,0,1472559,2014
"5439","T",901384,2769545,3670929,338559,4009488,2014
"5440","E",536016,522293,1058309,0,1058309,2014
"5441","E",263484,331234,594718,0,594718,2014
"5442","EXPN",41503,14400,55903,0,55903,2014
"5443","E",240501,123154,363655,0,363655,2014
"5444","E",389672,2222920,2612592,14800,2627392,2014
"5445","T",533000,4407477,4940477,70661,5011138,2014
"5446","T",343675,43077,386752,0,386752,2014
"5447","E",18908,2469177,2488085,0,2488085,2014
"5448","E",367000,355850,722850,0,722850,2014
"5449","E",230500,328281,558781,70888,629669,2014
"5450","T",522,568379,568901,0,568901,2014
"5451","E",707061,419016,1126077,0,1126077,2014
"5452","T",350000,2097672,2447672,4050,2451722,2014
"5453","E",23861,692155,716016,0,716016,2014
"5454","E",458665,2071321,2529986,3280,2533266,2014
"5455","E",317097,8913016,9230113,104452,9334565,2014
"5456","E",21600,219140,240740,2500,243240,2014
"5457","T",7500,52200,59700,100,59800,2014
"5458","E",18662,0,18662,0,18662,2014
"5459","E",8377,0,8377,0,8377,2014
"5460","E",165838,42545,208383,0,208383,2014
"5461","T",105569,219372,324941,0,324941,2014
"5462","E",301270,209261,510531,2000,512531,2014
"5463","E",290151,2506446,2796597,0,2796597,2014
"5464","E",283900,460847,744747,0,744747,2014
"5465","E",63991,500,64491,0,64491,2014
"5466","E",2000,4500,6500,0,6500,2014
"5467","E",683800,580910,1264710,0,1264710,2014
"5468","E",20819,0,20819,0,20819,2014
"5469","E",103580,249,103829,0,103829,2014
"5470","E",200,2500,2700,0,2700,2014
"5471","E",2547250,24089090,26636340,1454810,28091150,2014
"5472","SAT",181500,140790,322290,1454832,1777122,2014
"5473","E",6000,0,6000,0,6000,2014
"5474","T",6500,0,6500,0,6500,2014
"5475","E",19500,49024,68524,0,68524,2014
"5476","E",10500,0,10500,0,10500,2014
"5477","T",43000,301570,344570,83396,427966,2014
"5478","T",54000,185113,239113,89000,328113,2014
"5479","E",6500,0,6500,0,6500,2014
"5480","T",7000,0,7000,0,7000,2014
"5481","E",408330,400925,809255,0,809255,2014
"5482","T",1740,0,1740,0,1740,2014
"5483","DM",6892,69193,76085,0,76085,2014
"5484","E",7500,14500,22000,0,22000,2014
"5485","T",1300,5500,6800,3250,10050,2014
"5486","E",140000,2359200,2499200,293308,2792508,2014
"5487","T",460159,6665473,7125632,468021,7593653,2014
"5488","E",637131,6095506,6732637,30809,6763446,2014
"5489","E",325689,5098377,5424066,212148,5636214,2014
"5490","E",2204042,5833396,8037438,22309,8059747,2014
"5491","T",713100,6998356,7711456,948637,8660093,2014
"5492","E",26754,2332216,2358970,0,2358970,2014
"5493","T",309904,1828108,2138012,0,2138012,2014
"5494","E",0,33000,33000,0,33000,2014
"5495","T",44000,350740,394740,0,394740,2014
"5496","T",328000,699238,1027238,0,1027238,2014
"5497","T",2000,0,2000,0,2000,2014
"5498","T",26000,5292,31292,0,31292,2014
"5499","T",333000,1651338,1984338,1011,1985349,2014
"5500","T",742352,1647847,2390199,0,2390199,2014
"5501","T",50000,44200,94200,29050,123250,2014
"5502","E",108679,163849,272528,0,272528,2014
"5503","SAT",8178,1257689,1265867,0,1265867,2014
"5504","T",1386823,32138420,33525243,152380,33677623,2014
"5505","T",99500,6127344,6226844,2500,6229344,2014
"5506","E",0,64183,64183,9000,73183,2014
"5507","T",236359,1046955,1283314,72163,1355477,2014
"5508","SAT",11500,91031,102531,22538,125069,2014
"5509","T",700,3497,4197,10500,14697,2014
"5510","E",0,7793,7793,9000,16793,2014
"5511","T",0,277891,277891,0,277891,2014
"5512","T",0,15128,15128,0,15128,2014
"5513","T",190460,45100,235560,0,235560,2014
"5514","T",6500,17500,24000,0,24000,2014
"5515","E",6000,0,6000,0,6000,2014
"5516","T",1441170,6646292,8087462,0,8087462,2014
"5517","T",201000,1174194,1375194,327500,1702694,2014
"5518","E",301000,132549,433549,0,433549,2014
"5519","E",71149,52620,123769,0,123769,2014
"5520","E",120922,130934,251856,0,251856,2014
"5521","E",57038,49830,106868,0,106868,2014
"5522","T",552700,89481,642181,34500,676681,2014
"5523","E",106136,424602,530738,0,530738,2014
"5524","T",7500,0,7500,0,7500,2014
"5525","E",62045,25301,87346,19700,107046,2014
"5526","E",30000,2223,32223,0,32223,2014
"5527","E",30000,2223,32223,0,32223,2014
"5528","E",410264,21674,431938,0,431938,2014
"5529","E",385728,4750167,5135895,0,5135895,2014
"5530","T",728646,295212,1023858,0,1023858,2014
"5531","T",8700,0,8700,8600,17300,2014
"5532","E",74240,0,74240,0,74240,2014
"5533","T",49500,571273,620773,13908,634681,2014
"5534","T",150000,24590,174590,0,174590,2014
"5535","E",20000,5800,25800,0,25800,2014
"5536","T",50000,49400,99400,0,99400,2014
"5537","T",0,25648,25648,0,25648,2014
"5538","E",24000,274370,298370,1545,299915,2014
"5539","T",40000,2576,42576,0,42576,2014
"5540","T",50000,900,50900,0,50900,2014
"5541","E",179658,0,179658,0,179658,2014
"5542","E",0,27000,27000,1500,28500,2014
"5543","E",8500,136016,144516,11000,155516,2014
"5544","E",50000,850,50850,0,50850,2014
"5545","E",199874,834602,1034476,0,1034476,2014
"5546","E",222900,165500,388400,0,388400,2014
"5547","T",8500,930,9430,0,9430,2014
"5548","E",957152,16760,973912,7317,981229,2014
"5549","T",138886,93420,232306,0,232306,2014
"5550","E",0,798277,798277,93107,891384,2014
"5551","T",97500,1500,99000,2000,101000,2014
"5552","E",5500,0,5500,0,5500,2014
"5553","T",104161,38366,142527,1450,143977,2014
"5554","E",855825,5246773,6102598,146450,6249048,2014
"5555","E",658803,42000,700803,4516,705319,2014
"5556","T",8000,12600,20600,0,20600,2014
"5557","E",70000,781109,851109,143000,994109,2014
"5558","E",49092,13009377,13058469,350629,13409098,2014
"5559","T",4373,0,4373,516,4889,2014
"5560","T",66539,465664,532203,14516,546719,2014
"5561","E",49044,8300,57344,0,57344,2014
"5562","E",96172,2643,98815,9200,108015,2014
"5563","T",13000,0,13000,4000,17000,2014
"5564","T",0,500,500,3800,4300,2014
"5565","T",43500,10296,53796,14912,68708,2014
"5566","EXPN",2000,100,2100,0,2100,2014
"5567","EXPN",2000,0,2000,0,2000,2014
"5568","E",180000,175600,355600,240700,596300,2014
"5569","E",96600,1500,98100,1500,99600,2014
"5570","E",353868,602233,956101,500,956601,2014
"5571","E",1004796,300,1005096,900,1005996,2014
"5572","T",127500,43285,170785,1500,172285,2014
"5573","E",26864,0,26864,1750,28614,2014
"5574","T",38272,5600,43872,700,44572,2014
"5575","T",110373,33000,143373,6203,149576,2014
"5576","E",5796,100,5896,100,5996,2014
"5577","E",218,2770,2988,0,2988,2014
"5578","E",14500,150,14650,0,14650,2014
"5579","E",270228,20931,291159,10750,301909,2014
"5580","E",25500,10719,36219,0,36219,2014
"5581","T",700,15033,15733,0,15733,2014
"5582","E",212000,55909,267909,0,267909,2014
"5583","E",21500,126953,148453,0,148453,2014
"5584","T",110000,8015,118015,0,118015,2014
"5585","E",18000,1684,19684,4000,23684,2014
"5586","E",15000,26101,41101,4050,45151,2014
"5587","E",62500,1271749,1334249,3000,1337249,2014
"5588","EXPN",0,100,100,0,100,2014
"5589","E",87000,13238,100238,0,100238,2014
"5590","E",75000,24000,99000,0,99000,2014
"5591","T",9000,4427,13427,0,13427,2014
"5592","T",42737,208023,250760,900,251660,2014
"5593","E",0,2400,2400,0,2400,2014
"5594","T",301676,22705,324381,0,324381,2014
"5595","T",38500,492436,530936,0,530936,2014
"5596","E",11500,200,11700,0,11700,2014
"5597","E",700,150,850,0,850,2014
"5598","T",47500,0,47500,0,47500,2014
"5599","T",12500,9903,22403,0,22403,2014
"5600","E",4000,0,4000,0,4000,2014
"5601","E",15500,0,15500,0,15500,2014
"5602","E",20500,3231,23731,0,23731,2014
"5603","T",0,1067369,1067369,45614,1112983,2014
"5604","E",1000,5000,6000,0,6000,2014
"5605","E",15000,0,15000,0,15000,2014
"5606","E",3000,31900,34900,0,34900,2014
"5607","E",50000,0,50000,0,50000,2014
"5608","E",418556,110208,528764,0,528764,2014
"5609","E",33000,4658,37658,0,37658,2014
"5610","E",102000,116173,218173,97387,315560,2014
"5611","E",26000,531,26531,0,26531,2014
"5612","T",53947,150996,204943,0,204943,2014
"5613","E",29000,381,29381,0,29381,2014
"5614","EXPN",0,3000,3000,0,3000,2014
"5615","E",500,3432,3932,0,3932,2014
"5616","E",12500,6850,19350,0,19350,2014
"5617","EXPN",0,100,100,0,100,2014
"5618","T",66000,8850,74850,0,74850,2014
"5619","EXPN",11000,100,11100,20000,31100,2014
"5620","T",15000,2400,17400,0,17400,2014
"5621","E",59500,648397,707897,265500,973397,2014
"5622","E",225000,8998652,9223652,0,9223652,2014
"5623","EXPN",0,2100,2100,0,2100,2014
"5624","E",40123,2612012,2652135,413629,3065764,2014
"5625","EXPN",5000,650,5650,44020,49670,2014
"5626","E",111604,6700,118304,3550,121854,2014
"5627","E",378796,300,379096,1000,380096,2014
"5628","E",50000,25000,75000,0,75000,2014
"5629","E",31500,260185,291685,216700,508385,2014
"5630","E",773275,362445,1135720,2900,1138620,2014
"5631","E",50000,0,50000,0,50000,2014
"5632","E",204724,52500,257224,0,257224,2014
"5633","E",50500,300,50800,800,51600,2014
"5634","T",0,803277,803277,115608,918885,2014
"5635","T",0,803277,803277,115923,919200,2014
"5636","E",2792750,5829142,8621892,0,8621892,2014
"5637","T",1035167,33474365,34509532,932545,35442077,2014
"5638","T",275500,47826659,48102159,1096877,49199036,2014
"5639","E",40000,7104783,7144783,0,7144783,2014
"5640","T",0,8827332,8827332,12297202,21124534,2014
"5641","T",729000,38109771,38838771,3686937,42525708,2014
"5642","T",11500,17417406,17428906,202634,17631540,2014
"5643","E",148200,30479197,30627397,3209160,33836557,2014
"5644","T",20000,4108190,4128190,0,4128190,2014
"5645","T",0,4301951,4301951,0,4301951,2014
"5646","EXPN",29000,13000,42000,0,42000,2014
"5647","T",12000,9910579,9922579,1407154,11329733,2014
"5648","T",400,5447377,5447777,1427207,6874984,2014
"5649","E",0,5472499,5472499,0,5472499,2014
"5650","T",298811,12484391,12783202,14615,12797817,2014
"5651","T",190500,6353651,6544151,1063132,7607283,2014
"5652","T",153450,11405629,11559079,2980539,14539618,2014
"5653","E",3000,22157665,22160665,620122,22780787,2014
"5654","T",5000,4435592,4440592,660119,5100711,2014
"5655","E",0,1307709,1307709,61172,1368881,2014
"5656","E",31507,10500,42007,0,42007,2014
"5657","T",11500,12000,23500,0,23500,2014
"5658","T",83824,163040,246864,2000,248864,2014
"5659","T",96500,1500,98000,3280,101280,2014
"5660","T",10500,5119,15619,0,15619,2014
"5661","E",700,0,700,0,700,2014
"5662","E",24000,10500,34500,30479,64979,2014
"5663","E",6500,731,7231,0,7231,2014
"5664","T",25000,121400,146400,0,146400,2014
"5665","E",54500,2100,56600,0,56600,2014
"5666","E",54500,2200,56700,0,56700,2014
"5667","E",413404,278758,692162,7400,699562,2014
"5668","EXPN",199460,0,199460,0,199460,2014
"5669","T",21000,5600,26600,3800,30400,2014
"5670","T",1059650,10901149,11960799,0,11960799,2014
"5671","E",19500,744595,764095,235500,999595,2014
"5672","T",44568,2800,47368,1800,49168,2014
"5673","T",12000,41063,53063,14500,67563,2014
"5674","E",164884,3900,168784,3950,172734,2014
"5675","E",38364,4540,42904,2800,45704,2014
"5676","T",28704,2220,30924,14500,45424,2014
"5677","E",32568,10200,42768,1900,44668,2014
"5678","T",11000,7747946,7758946,0,7758946,2014
"5679","T",711667,50641095,51352762,825550,52178312,2014
"5680","T",0,5417820,5417820,0,5417820,2014
"5681","T",92500,14350265,14442765,1365544,15808309,2014
"5682","T",0,3986794,3986794,0,3986794,2014
"5683","E",0,4306389,4306389,0,4306389,2014
"5684","T",252500,30819165,31071665,612078,31683743,2014
"5685","T",11500,8210113,8221613,207397,8429010,2014
"5686","T",804100,46697307,47501407,1011480,48512887,2014
"5687","T",0,5127780,5127780,0,5127780,2014
"5688","T",17500,7595061,7612561,1708755,9321316,2014
"5689","EXPN",0,25000,25000,28800,53800,2014
"5690","E",41359,47734,89093,0,89093,2014
"5691","E",38500,4034,42534,21000,63534,2014
"5692","T",0,2522515,2522515,0,2522515,2014
"5693","E",0,193398,193398,500,193898,2014
"5694","E",0,226370,226370,275000,501370,2014
"5695","E",0,228081,228081,7334,235415,2014
"5696","E",0,181191,181191,0,181191,2014
"5697","T",2806,1615408,1618214,32440,1650654,2014
"5698","T",218000,3315954,3533954,21000,3554954,2014
"5699","E",4490579,64247983,68738562,40013,68778575,2014
"5700","E",40500,2576433,2616933,19000,2635933,2014
"5701","SAT",0,63000,63000,0,63000,2014
"5702","E",484592,10012235,10496827,47247,10544074,2014
"5703","E",184286,500900,685186,421000,1106186,2014
"5704","E",1393495,1367192,2760687,6007,2766694,2014
"5705","E",73423,100,73523,7918,81441,2014
"5706","E",961315,8024152,8985467,554299,9539766,2014
"5707","T",195088,274590,469678,0,469678,2014
"5708","E",2061624,1394042,3455666,6007,3461673,2014
"5709","T",178373,179087,357460,8426,365886,2014
"5710","E",8000,400,8400,4300,12700,2014
"5711","T",8000,0,8000,0,8000,2014
"5712","E",115000,748365,863365,300500,1163865,2014
"5713","T",7000,14680,21680,24000,45680,2014
"5714","T",11926666,21045817,32972483,2222255,35194738,2014
"5715","EXPN",0,0,0,6000,6000,2014
"5716","T",16000,500,16500,32000,48500,2014
"5717","T",140482,375093,515575,76893,592468,2014
"5718","T",2337051,2209202,4546253,93220,4639473,2014
"5719","T",64207,0,64207,0,64207,2014
"5720","T",434976,0,434976,0,434976,2014
"5721","E",42056,63333,105389,0,105389,2014
"5722","E",225000,111200,336200,413100,749300,2014
"5723","EXPN",4000,63900,67900,14500,82400,2014
"5724","E",5500,2248,7748,0,7748,2014
"5725","T",44000,90226,134226,0,134226,2014
"5726","E",2000,28100,30100,0,30100,2014
"5727","E",49500,87735,137235,8013,145248,2014
"5728","E",60700,5097,65797,0,65797,2014
"5729","E",20200,77918,98118,0,98118,2014
"5730","E",100,0,100,0,100,2014
"5731","E",9607,3912,13519,0,13519,2014
"5732","EXPN",300,0,300,0,300,2014
"5733","E",100,1200,1300,0,1300,2014
"5734","E",800,150,950,0,950,2014
"5735","E",1400,1241,2641,0,2641,2014
"5736","E",75900,282018,357918,14480,372398,2014
"5737","EXPN",34000,0,34000,20700,54700,2014
"5738","E",100,0,100,0,100,2014
"5739","E",12500,1549,14049,0,14049,2014
"5740","E",19500,771,20271,0,20271,2014
"5741","E",36200,32850,69050,0,69050,2014
"5742","EXPN",0,2478,2478,6000,8478,2014
"5743","E",4500,443,4943,0,4943,2014
"5744","E",5500,824,6324,0,6324,2014
"5745","E",2000,27355,29355,0,29355,2014
"5746","E",30000,33200,63200,19454,82654,2014
"5747","E",56500,9591,66091,10000,76091,2014
"5748","E",80100,40496,120596,6040,126636,2014
"5749","T",40500,151782,192282,2400,194682,2014
"5750","T",13500,8389,21889,0,21889,2014
"5751","E",467500,54460,521960,14349,536309,2014
"5752","E",277600,331837,609437,19100,628537,2014
"5753","E",21500,6569,28069,0,28069,2014
"5754","E",8500,47561,56061,0,56061,2014
"5755","E",16000,1091,17091,0,17091,2014
"5756","E",9500,0,9500,0,9500,2014
"5757","EXPN",0,122478,122478,0,122478,2014
"5758","E",8500,953,9453,0,9453,2014
"5759","E",239311,123111,362422,0,362422,2014
"5760","EXPN",0,200,200,4100,4300,2014
"5761","T",16500,27477,43977,0,43977,2014
"5762","E",10000,547,10547,0,10547,2014
"5763","E",26500,35914,62414,0,62414,2014
"5764","E",6500,35944,42444,0,42444,2014
"5765","E",20700,150,20850,0,20850,2014
"5766","E",23700,135500,159200,0,159200,2014
"5767","EXPN",2500,0,2500,0,2500,2014
"5768","E",28495,153341,181836,2250,184086,2014
"5769","T",6000,409,6409,100,6509,2014
"5770","E",149424,386052,535476,25520,560996,2014
"5771","E",49200,3209,52409,0,52409,2014
"5772","EXPN",4000,0,4000,0,4000,2014
"5773","E",33792,48662,82454,2000,84454,2014
"5774","E",96807,187371,284178,11055,295233,2014
"5775","E",103309,893720,997029,5943,1002972,2014
"5776","E",100,2309,2409,0,2409,2014
"5777","T",121500,18156,139656,400,140056,2014
"5778","E",28200,135500,163700,0,163700,2014
"5779","EXPN",4000,0,4000,0,4000,2014
"5780","E",21000,136650,157650,0,157650,2014
"5781","E",900,3357,4257,0,4257,2014
"5782","E",30700,7728,38428,0,38428,2014
"5783","EXPN",4000,0,4000,0,4000,2014
"5784","E",34500,9607,44107,3013,47120,2014
"5785","E",12000,3955,15955,0,15955,2014
"5786","E",206500,4781,211281,0,211281,2014
"5787","E",4500,0,4500,0,4500,2014
"5788","E",20700,137597,158297,0,158297,2014
"5789","E",100,0,100,0,100,2014
"5790","T",4500,92782,97282,0,97282,2014
"5791","E",6000,547,6547,0,6547,2014
"5792","E",4500,299,4799,0,4799,2014
"5793","T",2000,48401,50401,0,50401,2014
"5794","E",38000,72712,110712,0,110712,2014
"5795","E",40800,19643,60443,5000,65443,2014
"5796","EXPN",0,9984,9984,0,9984,2014
"5797","E",19700,142859,162559,0,162559,2014
"5798","E",8000,747,8747,0,8747,2014
"5799","T",2000,20746,22746,0,22746,2014
"5800","E",35800,13611,49411,1000,50411,2014
"5801","E",63300,99991,163291,10020,173311,2014
"5802","T",12000,824,12824,0,12824,2014
"5803","E",19218,40543,59761,1500,61261,2014
"5804","E",37500,42700,80200,0,80200,2014
"5805","E",35500,2700,38200,0,38200,2014
"5806","E",28500,7250,35750,6000,41750,2014
"5807","EXPN",12500,0,12500,0,12500,2014
"5808","T",79999,183357,263356,2350,265706,2014
"5809","E",18700,4718,23418,0,23418,2014
"5810","E",67700,328562,396262,9080,405342,2014
"5811","E",32500,3023,35523,4000,39523,2014
"5812","E",26800,8971,35771,2200,37971,2014
"5813","T",2000,28611,30611,0,30611,2014
"5814","T",12500,116223,128723,0,128723,2014
"5815","E",101497,115561,217058,10100,227158,2014
"5816","E",7000,2750,9750,0,9750,2014
"5817","E",168500,4510,173010,53587,226597,2014
"5818","E",39500,14800,54300,19782,74082,2014
"5819","E",800,0,800,0,800,2014
"5820","E",44000,92530,136530,0,136530,2014
"5821","E",5800,49584,55384,1000,56384,2014
"5822","E",128157,142338,270495,63723,334218,2014
"5823","E",0,1666933,1666933,0,1666933,2014
"5824","E",0,749899,749899,0,749899,2014
"5825","E",800,400,1200,22500,23700,2014
"5826","E",1000,0,1000,0,1000,2014
"5827","E",9688,6750,16438,0,16438,2014
"5828","T",7000,100,7100,0,7100,2014
"5829","T",1500,0,1500,0,1500,2014
"5830","E",2500,100,2600,0,2600,2014
"5831","E",79494,22048,101542,0,101542,2014
"5832","E",1500,100,1600,0,1600,2014
"5833","E",6000,0,6000,0,6000,2014
"5834","E",1500,100,1600,0,1600,2014
"5835","E",7500,0,7500,0,7500,2014
"5836","EXPN",4000,0,4000,0,4000,2014
"5837","E",2000,100,2100,0,2100,2014
"5838","T",7000,100,7100,0,7100,2014
"5839","E",7000,0,7000,0,7000,2014
"5840","T",1500,0,1500,0,1500,2014
"5841","E",1000,381,1381,0,1381,2014
"5842","T",180448,59204,239652,0,239652,2014
"5843","T",10756,936,11692,0,11692,2014
"5844","T",2500,0,2500,1875,4375,2014
"5845","E",34700,0,34700,500,35200,2014
"5846","E",12593,0,12593,0,12593,2014
"5847","E",12593,0,12593,0,12593,2014
"5848","E",178690,2000,180690,0,180690,2014
"5849","T",12083,0,12083,0,12083,2014
"5850","T",4000,0,4000,0,4000,2014
"5851","E",20000,42600,62600,0,62600,2014
"5852","E",182834,260381,443215,0,443215,2014
"5853","E",391631,234550,626181,0,626181,2014
"5854","T",1500,2730,4230,0,4230,2014
"5855","T",1000,576,1576,0,1576,2014
"5856","E",3000,0,3000,3350,6350,2014
"5857","E",0,3100,3100,0,3100,2014
"5858","E",150531,24742,175273,0,175273,2014
"5859","E",500,0,500,0,500,2014
"5860","E",7500,2600,10100,0,10100,2014
"5861","E",7500,2600,10100,0,10100,2014
"5862","T",51500,400,51900,4280,56180,2014
"5863","E",500,100,600,0,600,2014
"5864","E",3000,565,3565,3710,7275,2014
"5865","E",32137,0,32137,0,32137,2014
"5866","E",0,100,100,0,100,2014
"5867","E",0,100,100,0,100,2014
"5868","E",563496,1434686,1998182,142000,2140182,2014
"5869","EXPN",16814,0,16814,0,16814,2014
"5870","E",0,2640,2640,0,2640,2014
"5871","E",50000,2336,52336,0,52336,2014
"5872","E",50000,1320,51320,0,51320,2014
"5873","E",50000,0,50000,0,50000,2014
"5874","E",50000,0,50000,0,50000,2014
"5875","E",300,1000,1300,0,1300,2014
"5876","E",5000,0,5000,0,5000,2014
"5877","E",0,150114,150114,0,150114,2014
"5878","E",150000,267345,417345,0,417345,2014
"5879","E",50000,0,50000,0,50000,2014
"5880","T",0,1832848,1832848,0,1832848,2014
"5881","E",61500,4900,66400,0,66400,2014
"5882","T",0,110466,110466,0,110466,2014
"5883","E",0,3500,3500,0,3500,2014
"5884","E",0,1229185,1229185,0,1229185,2014
"5885","E",0,180011,180011,0,180011,2014
"5886","E",351345,633753,985098,0,985098,2014
"5887","E",59000,4900,63900,0,63900,2014
"5888","E",271200,497746,768946,2000,770946,2014
"5889","E",0,200,200,0,200,2014
"5890","E",22500,800,23300,0,23300,2014
"5891","E",0,13600,13600,0,13600,2014
"5892","E",110450,4248,114698,1654,116352,2014
"5893","E",0,0,0,700,700,2014
"5894","E",0,47656,47656,0,47656,2014
"5895","T",336633,101282,437915,0,437915,2014
"5896","E",0,195055,195055,0,195055,2014
"5897","E",0,120847,120847,0,120847,2014
"5898","E",7000,210913,217913,2500,220413,2014
"5899","E",0,900,900,0,900,2014
"5900","E",11500,15930,27430,0,27430,2014
"5901","E",0,20189,20189,0,20189,2014
"5902","E",2524,8793,11317,0,11317,2014
"5903","E",143954,781533,925487,10000,935487,2014
"5904","E",50185,0,50185,0,50185,2014
"5905","E",7150,0,7150,0,7150,2014
"5906","E",21041,0,21041,0,21041,2014
"5907","E",8754,0,8754,0,8754,2014
"5908","E",14595,0,14595,0,14595,2014
"5909","E",190543,9865,200408,200,200608,2014
"5910","E",8873,0,8873,0,8873,2014
"5911","E",8471,5077,13548,0,13548,2014
"5912","E",183970,12760,196730,0,196730,2014
"5913","T",0,11300,11300,0,11300,2014
"5914","T",0,400,400,0,400,2014
"5915","E",10192,0,10192,0,10192,2014
"5916","E",7150,0,7150,0,7150,2014
"5917","E",8164,0,8164,0,8164,2014
"5918","E",18528,0,18528,0,18528,2014
"5919","E",8164,74417,82581,0,82581,2014
"5920","T",14777,0,14777,0,14777,2014
"5921","E",7294,5077,12371,0,12371,2014
"5922","E",7150,0,7150,0,7150,2014
"5923","E",10192,74417,84609,0,84609,2014
"5924","E",16500,0,16500,0,16500,2014
"5925","E",8164,74417,82581,0,82581,2014
"5926","E",8164,0,8164,0,8164,2014
"5927","E",0,10450,10450,0,10450,2014
"5928","E",0,3000,3000,0,3000,2014
"5929","T",4207,200,4407,0,4407,2014
"5930","T",145359,37670,183029,0,183029,2014
"5931","T",877586,11900,889486,0,889486,2014
"5932","E",145604,43800,189404,16500,205904,2014
"5933","E",10000,0,10000,0,10000,2014
"5934","E",150000,2336,152336,0,152336,2014
"5935","E",75000,0,75000,0,75000,2014
"5936","E",75000,267345,342345,0,342345,2014
"5937","E",75000,1850,76850,0,76850,2014
"5938","E",75000,267545,342545,0,342545,2014
"5939","E",75000,0,75000,0,75000,2014
"5940","E",50000,0,50000,0,50000,2014
"5941","E",75000,200,75200,0,75200,2014
"5942","E",13581,0,13581,0,13581,2014
"5943","E",24900,2600,27500,5500,33000,2014
"5944","E",50000,0,50000,0,50000,2014
"5945","E",5000,2500,7500,0,7500,2014
"5946","E",49078,2400,51478,0,51478,2014
"5947","E",3500,0,3500,7000,10500,2014
"5948","E",12364,0,12364,0,12364,2014
"5949","E",5000,2600,7600,0,7600,2014
"5950","E",50000,200,50200,0,50200,2014
"5951","E",0,2500,2500,0,2500,2014
"5952","E",4560,0,4560,0,4560,2014
"5953","E",1500,0,1500,0,1500,2014
"5954","E",11000,38536,49536,0,49536,2014
"5955","E",89417,800,90217,0,90217,2014
"5956","E",95816,37385,133201,0,133201,2014
"5957","E",59326,10100,69426,0,69426,2014
"5958","E",5974,3070,9044,0,9044,2014
"5959","E",49615,440547,490162,0,490162,2014
"5960","T",661201,2924184,3585385,0,3585385,2014
"5961","E",31000,0,31000,5000,36000,2014
"5962","T",38000,0,38000,5000,43000,2014
"5963","E",500,2000,2500,0,2500,2014
"5964","E",0,243000,243000,0,243000,2014
"5965","E",10800,0,10800,0,10800,2014
"5966","E",8236,83700,91936,0,91936,2014
"5967","E",9000,6320,15320,0,15320,2014
"5968","E",389892,1488847,1878739,0,1878739,2014
"5969","T",0,1388887,1388887,0,1388887,2014
"5970","T",0,1357008,1357008,0,1357008,2014
"5971","E",26716,124,26840,0,26840,2014
"5972","E",19142,154049,173191,0,173191,2014
"5973","E",55793,124,55917,0,55917,2014
"5974","T",12868,60124,72992,0,72992,2014
"5975","E",29064,124,29188,0,29188,2014
"5976","E",17244,124,17368,0,17368,2014
"5977","E",104913,55124,160037,0,160037,2014
"5978","E",14800,124,14924,0,14924,2014
"5979","E",20393,119668,140061,0,140061,2014
"5980","E",7304,124,7428,0,7428,2014
"5981","E",7541,124,7665,0,7665,2014
"5982","E",13291,119668,132959,0,132959,2014
"5983","E",7667,8085,15752,0,15752,2014
"5984","E",12406,124,12530,0,12530,2014
"5985","E",20675,124,20799,0,20799,2014
"5986","E",48474,119668,168142,0,168142,2014
"5987","E",10592,224,10816,0,10816,2014
"5988","E",35521,124,35645,0,35645,2014
"5989","E",19196,3490,22686,0,22686,2014
"5990","E",9855,0,9855,0,9855,2014
"5991","E",16574,6591,23165,0,23165,2014
"5992","E",6696,224,6920,0,6920,2014
"5993","E",7669,0,7669,0,7669,2014
"5994","E",19046,124,19170,0,19170,2014
"5995","E",15620,124,15744,0,15744,2014
"5996","E",55943,0,55943,0,55943,2014
"5997","E",17473,6591,24064,0,24064,2014
"5998","E",48086,119668,167754,0,167754,2014
"5999","E",6655,124,6779,0,6779,2014
"6000","E",16534,6591,23125,0,23125,2014
"6001","E",6655,124,6779,0,6779,2014
"6002","E",6655,1124,7779,0,7779,2014
"6003","E",7629,124,7753,0,7753,2014
"6004","E",12035,124,12159,0,12159,2014
"6005","E",12474,124,12598,0,12598,2014
"6006","E",14037,124,14161,0,14161,2014
"6007","E",6584,124,6708,0,6708,2014
"6008","E",5791,6015,11806,0,11806,2014
"6009","E",18034,624,18658,0,18658,2014
"6010","E",8236,0,8236,0,8236,2014
"6011","E",72870,38000,110870,0,110870,2014
"6012","T",100307,156990,257297,5394,262691,2014
"6013","E",3480,24120,27600,0,27600,2014
"6014","E",47550,68759,116309,0,116309,2014
"6015","T",31837,87978,119815,0,119815,2014
"6016","T",11000,0,11000,0,11000,2014
"6017","E",7028,6015,13043,0,13043,2014
"6018","E",13807,124,13931,0,13931,2014
"6019","E",12500,4205,16705,1421,18126,2014
"6020","T",29561,96053,125614,0,125614,2014
"6021","E",1000,0,1000,9700,10700,2014
"6022","E",7500,9000,16500,0,16500,2014
"6023","E",12924,145624,158548,0,158548,2014
"6024","E",9284,124,9408,0,9408,2014
"6025","T",11760,124,11884,0,11884,2014
"6026","E",3000,4731,7731,56,7787,2014
"6027","E",7707,13457,21164,0,21164,2014
"6028","E",6990,124,7114,0,7114,2014
"6029","E",23536,124,23660,0,23660,2014
"6030","E",10341,124,10465,0,10465,2014
"6031","E",7964,124,8088,0,8088,2014
"6032","E",38600,200,38800,0,38800,2014
"6033","T",1914,0,1914,0,1914,2014
"6034","E",6895,3800,10695,0,10695,2014
"6035","E",0,118500,118500,0,118500,2014
"6036","E",7000,0,7000,0,7000,2014
"6037","T",16161,117510,133671,0,133671,2014
"6038","E",8187,0,8187,0,8187,2014
"6039","T",7389,13400,20789,7055,27844,2014
"6040","E",1500,18425,19925,0,19925,2014
"6041","E",3500,11800,15300,2700,18000,2014
"6042","E",15000,184565,199565,0,199565,2014
"6043","E",25000,137162,162162,500,162662,2014
"6044","E",20764,11500,32264,0,32264,2014
"6045","E",0,32800,32800,0,32800,2014
"6046","E",0,0,0,2200,2200,2014
"6047","E",37468,702198,739666,0,739666,2014
"6048","E",0,1600,1600,0,1600,2014
"6049","E",202041,56043,258084,0,258084,2014
"6050","E",105560,7200,112760,0,112760,2014
"6051","T",1000,120662,121662,900,122562,2014
"6052","E",9750,1100,10850,1669,12519,2014
"6053","T",5707,66000,71707,7055,78762,2014
"6054","E",0,1500,1500,0,1500,2014
"6055","T",0,100,100,0,100,2014
"6056","T",15998,18000,33998,0,33998,2014
"6057","E",174,200,374,0,374,2014
"6058","E",57000,7570,64570,637,65207,2014
"6059","E",10000,250,10250,0,10250,2014
"6060","E",1900,100,2000,0,2000,2014
"6061","T",26372,2122,28494,0,28494,2014
"6062","E",3270,29473,32743,0,32743,2014
"6063","T",28496,300,28796,0,28796,2014
"6064","T",1000,4320,5320,1258,6578,2014
"6065","E",3500,300,3800,7200,11000,2014
"6066","E",9234,124,9358,0,9358,2014
"6067","E",9234,124,9358,0,9358,2014
"6068","E",8236,0,8236,0,8236,2014
"6069","E",18734,100,18834,0,18834,2014
"6070","E",200,14846,15046,500,15546,2014
"6071","E",2000,1400,3400,1025,4425,2014
"6072","T",5500,191189,196689,3200,199889,2014
"6073","E",9500,0,9500,0,9500,2014
"6074","T",17052,0,17052,0,17052,2014
"6075","T",2958,570,3528,0,3528,2014
"6076","E",2389,7100,9489,0,9489,2014
"6077","T",4000,94626,98626,1900,100526,2014
"6078","E",1932,1150,3082,0,3082,2014
"6079","T",16372,2122,18494,0,18494,2014
"6080","E",21709,3000,24709,1600,26309,2014
"6081","T",16300,9744,26044,5500,31544,2014
"6082","E",174,438893,439067,0,439067,2014
"6083","E",0,20092,20092,0,20092,2014
"6084","E",22384,3100,25484,0,25484,2014
"6085","T",9686,102000,111686,400,112086,2014
"6086","T",19024,10800,29824,0,29824,2014
"6087","T",27000,139544,166544,1700,168244,2014
"6088","E",2610,91500,94110,0,94110,2014
"6089","T",15000,9231,24231,0,24231,2014
"6090","E",1600,60700,62300,2500,64800,2014
"6091","E",16500,10640,27140,2500,29640,2014
"6092","E",22051,10900,32951,0,32951,2014
"6093","E",2950,0,2950,0,2950,2014
"6094","E",1100,11093,12193,2500,14693,2014
"6095","T",500,2000,2500,0,2500,2014
"6096","T",61000,0,61000,500,61500,2014
"6097","T",38678,45200,83878,7055,90933,2014
"6098","E",4000,13000,17000,2000,19000,2014
"6099","E",7000,2700,9700,700,10400,2014
"6100","E",300,810,1110,11200,12310,2014
"6101","E",8187,14093,22280,7055,29335,2014
"6102","E",8000,30000,38000,0,38000,2014
"6103","T",8500,9000,17500,0,17500,2014
"6104","T",500,2000,2500,0,2500,2014
"6105","T",841,57967,58808,0,58808,2014
"6106","E",500,0,500,0,500,2014
"6107","E",800,21000,21800,500,22300,2014
"6108","T",60000,14000,74000,0,74000,2014
"6109","E",200,16593,16793,2000,18793,2014
"6110","E",13500,81067,94567,3500,98067,2014
"6111","E",35000,25000,60000,0,60000,2014
"6112","T",4000,11993,15993,1500,17493,2014
"6113","E",8000,8000,16000,0,16000,2014
"6114","E",15500,500,16000,0,16000,2014
"6115","E",1e+05,1300,101300,0,101300,2014
"6116","T",61000,23100,84100,0,84100,2014
"6117","T",10000,62600,72600,0,72600,2014
"6118","E",11000,69500,80500,0,80500,2014
"6119","E",12000,3038,15038,600,15638,2014
"6120","E",9000,0,9000,0,9000,2014
"6121","T",494417,92770,587187,0,587187,2014
"6122","E",500,0,500,0,500,2014
"6123","E",35148,0,35148,0,35148,2014
"6124","E",17052,7300,24352,0,24352,2014
"6125","T",15064,10300,25364,0,25364,2014
"6126","E",44335,6015,50350,0,50350,2014
"6127","E",26287,120453,146740,2100,148840,2014
"6128","E",17864,2861,20725,0,20725,2014
"6129","T",52114,11602,63716,0,63716,2014
"6130","E",174,100,274,0,274,2014
"6131","E",11872,2352,14224,0,14224,2014
"6132","T",7500,0,7500,0,7500,2014
"6133","E",12500,0,12500,0,12500,2014
"6134","E",5499,0,5499,0,5499,2014
"6135","E",8236,1000,9236,0,9236,2014
"6136","T",464,3000,3464,0,3464,2014
"6137","E",39536,0,39536,0,39536,2014
"6138","E",1000,22000,23000,0,23000,2014
"6139","E",67694,240833,308527,1762,310289,2014
"6140","E",43407,10721,54128,0,54128,2014
"6141","T",93500,0,93500,0,93500,2014
"6142","E",65250,59605,124855,16081,140936,2014
"6143","T",500,400,900,0,900,2014
"6144","E",174,0,174,0,174,2014
"6145","T",1000,63600,64600,500,65100,2014
"6146","T",18600,7096,25696,0,25696,2014
"6147","T",2737,31800,34537,0,34537,2014
"6148","E",44179,113874,158053,0,158053,2014
"6149","E",2900,106660,109560,0,109560,2014
"6150","E",101314,85326,186640,0,186640,2014
"6151","E",2600,13000,15600,0,15600,2014
"6152","E",49000,11045,60045,1100,61145,2014
"6153","T",935,0,935,0,935,2014
"6154","T",464,870,1334,0,1334,2014
"6155","E",35148,0,35148,0,35148,2014
"6156","T",114059,3000,117059,0,117059,2014
"6157","T",0,1500,1500,0,1500,2014
"6158","T",17052,1000,18052,0,18052,2014
"6159","E",8000,0,8000,0,8000,2014
"6160","E",92464,0,92464,0,92464,2014
"6161",NA,18056,10840,28896,0,28896,2014
"6162",NA,0,1e+05,1e+05,0,1e+05,2014
"6163",NA,41808,31958,73766,0,73766,2014
"6164",NA,19024,9000,28024,0,28024,2014
"6165",NA,5400,3593,8993,500,9493,2014
"6166",NA,195454,44553,240007,0,240007,2014
"6167",NA,14700,9000,23700,0,23700,2014
"6168",NA,0,100,100,0,100,2014
"6169",NA,4000,0,4000,3400,7400,2014
"6170",NA,71773,238050,309823,0,309823,2014
"6171",NA,20691,124,20815,0,20815,2014
"6172",NA,19391,32082,51473,0,51473,2014
"6173",NA,41500,8100,49600,4500,54100,2014
"6174",NA,0,32800,32800,0,32800,2014
"6175",NA,8795,10789,19584,0,19584,2014
"6176",NA,50000,500,50500,0,50500,2014
"6177",NA,79500,6720,86220,0,86220,2014
"6178",NA,7000,200,7200,0,7200,2014
"6179",NA,9000,0,9000,0,9000,2014
"6180",NA,2000,400,2400,0,2400,2014
"6181",NA,28536,13116,41652,0,41652,2014
"6182",NA,17300,3560,20860,1469,22329,2014
"6183",NA,13000,200,13200,0,13200,2014
"6184","E",74500,38800,113300,0,113300,2014
"6185","E",37584,1141385,1178969,0,1178969,2014
"6186","T",29500,230,29730,900,30630,2014
"6187","E",226000,2581,228581,4200,232781,2014
"6188","T",9664,2992,12656,0,12656,2014
"6189","E",16091,10840,26931,0,26931,2014
"6190","E",8816,0,8816,0,8816,2014
"6191","E",12000,1412,13412,0,13412,2014
"6192","E",40000,150,40150,0,40150,2014
"6193","T",22983,7800,30783,0,30783,2014
"6194","E",7043,119668,126711,0,126711,2014
"6195","E",10449,124,10573,0,10573,2014
"6196","E",8214,2124,10338,0,10338,2014
"6197","E",7043,124,7167,0,7167,2014
"6198","E",10442,124,10566,0,10566,2014
"6199","E",6693,224,6917,0,6917,2014
"6200","E",9007,124,9131,0,9131,2014
"6201","E",18548,124,18672,0,18672,2014
"6202","E",9228,224,9452,0,9452,2014
"6203","E",9827,124,9951,0,9951,2014
"6204","E",7933,224,8157,0,8157,2014
"6205","E",16691,224,16915,0,16915,2014
"6206","E",12652,119668,132320,0,132320,2014
"6207","E",98656,124,98780,0,98780,2014
"6208","E",10823,224,11047,0,11047,2014
"6209","E",49098,124,49222,0,49222,2014
"6210","E",8837,119668,128505,0,128505,2014
"6211","E",48167,124,48291,0,48291,2014
"6212","E",8691,124,8815,0,8815,2014
"6213","E",8324,100,8424,0,8424,2014
"6214","E",48393,0,48393,0,48393,2014
"6215","E",17675,124,17799,0,17799,2014
"6216","E",6866,119668,126534,0,126534,2014
"6217","E",10400,124,10524,0,10524,2014
"6218","E",13151,124,13275,0,13275,2014
"6219","E",6653,124,6777,0,6777,2014
"6220","E",16856,224,17080,0,17080,2014
"6221","E",13472,124,13596,0,13596,2014
"6222","E",9228,124,9352,0,9352,2014
"6223","E",9847,124,9971,0,9971,2014
"6224","E",8920,124,9044,0,9044,2014
"6225","E",15883,124,16007,0,16007,2014
"6226","E",12693,124,12817,0,12817,2014
"6227","E",90614,124,90738,0,90738,2014
"6228","E",17465,124,17589,0,17589,2014
"6229","T",8764,124,8888,0,8888,2014
"6230","E",17281,124,17405,0,17405,2014
"6231","E",101138,8124,109262,0,109262,2014
"6232","E",98656,2624,101280,0,101280,2014
"6233","E",15742,119668,135410,0,135410,2014
"6234","E",7921,119668,127589,0,127589,2014
"6235","E",14635,124,14759,0,14759,2014
"6236","E",14765,124,14889,0,14889,2014
"6237","E",9190,100,9290,0,9290,2014
"6238","E",9407,124,9531,0,9531,2014
"6239","E",6655,124,6779,0,6779,2014
"6240","E",7680,119668,127348,0,127348,2014
"6241","E",14163,124,14287,0,14287,2014
"6242","E",16509,124,16633,0,16633,2014
"6243","E",8841,124,8965,0,8965,2014
"6244","T",9778,124,9902,0,9902,2014
"6245","E",7960,124,8084,0,8084,2014
"6246","E",11118,124,11242,0,11242,2014
"6247","E",8582,124,8706,0,8706,2014
"6248","E",6887,124,7011,0,7011,2014
"6249","E",6693,124,6817,0,6817,2014
"6250","E",6960,119668,126628,0,126628,2014
"6251","E",93568,124,93692,0,93692,2014
"6252","E",6738,119668,126406,0,126406,2014
"6253","E",10204,124,10328,0,10328,2014
"6254","E",6696,124,6820,0,6820,2014
"6255","E",16092,60400,76492,0,76492,2014
"6256","E",300,100,400,8900,9300,2014
"6257","E",47242,1465,48707,4545,53252,2014
"6258","E",11587,3864,15451,0,15451,2014
"6259","E",16374,7124,23498,0,23498,2014
"6260","E",10696,124,10820,0,10820,2014
"6261","T",12000,17705,29705,15131,44836,2014
"6262","T",10000,0,10000,0,10000,2014
"6263","E",15217,124,15341,0,15341,2014
"6264","E",13233,124,13357,0,13357,2014
"6265","E",9244,124,9368,0,9368,2014
"6266","E",10000,124,10124,0,10124,2014
"6267","E",8108,124,8232,0,8232,2014
"6268","E",8724,124,8848,0,8848,2014
"6269","E",6000,0,6000,0,6000,2014
"6270","E",19503,156798,176301,0,176301,2014
"6271","T",116811,62441,179252,0,179252,2014
"6272","E",7517,124,7641,0,7641,2014
"6273","E",4000,0,4000,7900,11900,2014
"6274","E",241499,146949,388448,0,388448,2014
"6275","E",7061,22488,29549,0,29549,2014
"6276","T",0,356709,356709,0,356709,2014
"6277","E",1500,0,1500,0,1500,2014
"6278","T",13900,11675,25575,0,25575,2014
"6279","E",15000,1000,16000,1050,17050,2014
"6280","E",9776,624,10400,0,10400,2014
"6281","T",22700,2800,25500,0,25500,2014
"6282","T",149204,11420,160624,1000,161624,2014
"6283","E",800,2500,3300,10200,13500,2014
"6284","E",11020,23611,34631,0,34631,2014
"6285","E",43964,100,44064,0,44064,2014
"6286","E",32016,100,32116,0,32116,2014
"6287","T",35287,10400,45687,2625,48312,2014
"6288","E",50272,119668,169940,0,169940,2014
"6289","E",8108,124,8232,0,8232,2014
"6290","E",9055,124,9179,0,9179,2014
"6291","E",12691,124,12815,0,12815,2014
"6292","E",6584,124,6708,0,6708,2014
"6293","E",20892,124,21016,0,21016,2014
"6294","E",16390,124,16514,0,16514,2014
"6295","E",11099,126235,137334,0,137334,2014
"6296","E",7216,124,7340,0,7340,2014
"6297","E",18880,30124,49004,0,49004,2014
"6298","E",9941,124,10065,0,10065,2014
"6299","E",49690,124,49814,0,49814,2014
"6300","E",10599,265168,275767,0,275767,2014
"6301","E",89650,5124,94774,0,94774,2014
"6302","E",16049,124,16173,0,16173,2014
"6303","E",15406,30124,45530,0,45530,2014
"6304","E",15080,124,15204,0,15204,2014
"6305","E",18995,124,19119,0,19119,2014
"6306","E",6584,124,6708,0,6708,2014
"6307","E",9715,124,9839,0,9839,2014
"6308","E",6779,119668,126447,0,126447,2014
"6309","E",9970,124,10094,0,10094,2014
"6310","T",12343,124,12467,0,12467,2014
"6311","E",14912,124,15036,0,15036,2014
"6312","E",8217,124,8341,0,8341,2014
"6313","E",6877,124,7001,0,7001,2014
"6314","E",8427,224,8651,0,8651,2014
"6315","E",8457,224,8681,0,8681,2014
"6316","E",7413,124,7537,0,7537,2014
"6317","E",97252,18124,115376,0,115376,2014
"6318","E",14402,12549,26951,0,26951,2014
"6319","E",6704,124,6828,0,6828,2014
"6320","E",28332,69995,98327,0,98327,2014
"6321","E",10474,124,10598,0,10598,2014
"6322","E",16899,124,17023,0,17023,2014
"6323","E",9274,124,9398,0,9398,2014
"6324","E",19188,3864,23052,0,23052,2014
"6325","E",30111,130559,160670,0,160670,2014
"6326","E",14020,124,14144,0,14144,2014
"6327","E",103502,43124,146626,0,146626,2014
"6328","E",8052,125559,133611,0,133611,2014
"6329","E",400,124209,124609,1500,126109,2014
"6330","E",3200,18343,21543,0,21543,2014
"6331","T",111808,485471,597279,7455,604734,2014
"6332","E",45964,0,45964,0,45964,2014
"6333","E",74588,280709,355297,0,355297,2014
"6334","E",8816,10221,19037,0,19037,2014
"6335","E",15926,39407,55333,0,55333,2014
"6336","E",10288,124,10412,0,10412,2014
"6337","E",17501,184451,201952,0,201952,2014
"6338","E",300,14000,14300,10200,24500,2014
"6339","E",4500,0,4500,0,4500,2014
"6340","E",1500,0,1500,0,1500,2014
"6341","E",16296,124,16420,0,16420,2014
"6342","E",0,1000,1000,0,1000,2014
"6343","E",9434,124,9558,0,9558,2014
"6344","E",10300,6544,16844,15000,31844,2014
"6345","E",26680,0,26680,0,26680,2014
"6346","E",70910,69572,140482,0,140482,2014
"6347","T",10300,358,10658,0,10658,2014
"6348","E",47873,35100,82973,0,82973,2014
"6349","E",23500,182987,206487,6719,213206,2014
"6350","T",174,351653,351827,0,351827,2014
"6351","E",15176,18424,33600,0,33600,2014
"6352","E",6716,119668,126384,0,126384,2014
"6353","E",14751,124,14875,0,14875,2014
"6354","E",9466,124,9590,0,9590,2014
"6355","E",7041,124,7165,0,7165,2014
"6356","E",13249,124,13373,0,13373,2014
"6357","E",9086,124,9210,0,9210,2014
"6358","E",7535,124,7659,0,7659,2014
"6359","E",26757,0,26757,0,26757,2014
"6360","E",6655,124,6779,0,6779,2014
"6361","E",0,23000,23000,0,23000,2014
"6362","T",161532,330361,491893,0,491893,2014
"6363","E",53798,0,53798,0,53798,2014
"6364","E",2500,300,2800,22000,24800,2014
"6365","E",16309,132026,148335,0,148335,2014
"6366","T",7246,124,7370,0,7370,2014
"6367","E",0,3800,3800,0,3800,2014
"6368","E",3100,44000,47100,500,47600,2014
"6369","E",11020,12000,23020,0,23020,2014
"6370","E",6000,0,6000,0,6000,2014
"6371","T",9000,0,9000,0,9000,2014
"6372","E",11400,28029,39429,0,39429,2014
"6373","E",1914,161759,163673,0,163673,2014
"6374","T",26680,11940,38620,0,38620,2014
"6375","T",4442,1000,5442,0,5442,2014
"6376","T",33108,0,33108,0,33108,2014
"6377","E",0,1000,1000,0,1000,2014
"6378","E",26680,1000,27680,0,27680,2014
"6379","E",21618,32800,54418,0,54418,2014
"6380","E",25274,151135,176409,0,176409,2014
"6381","E",7954,124,8078,0,8078,2014
"6382","E",6665,145624,152289,0,152289,2014
"6383","E",6655,124,6779,0,6779,2014
"6384","E",9740,124,9864,0,9864,2014
"6385","T",13666,0,13666,0,13666,2014
"6386","E",57652,2600,60252,0,60252,2014
"6387","E",45873,19960,65833,0,65833,2014
"6388","E",74500,21600,96100,0,96100,2014
"6389","E",18000,8000,26000,1258,27258,2014
"6390","E",29019,132026,161045,0,161045,2014
"6391","E",2088,300,2388,0,2388,2014
"6392","E",2088,82500,84588,0,84588,2014
"6393","E",300,2500,2800,1000,3800,2014
"6394","E",45673,11500,57173,0,57173,2014
"6395","T",11200,300,11500,0,11500,2014
"6396","E",15799,3663,19462,0,19462,2014
"6397","E",696,0,696,0,696,2014
"6398","E",2215,12100,14315,0,14315,2014
"6399","T",600,0,600,0,600,2014
"6400","T",3864,5000,8864,0,8864,2014
"6401","T",1000,0,1000,0,1000,2014
"6402","E",12700,55000,67700,1500,69200,2014
"6403","E",12200,0,12200,1400,13600,2014
"6404","E",99405,487945,587350,0,587350,2014
"6405","E",2500,7093,9593,0,9593,2014
"6406","E",1500,12825,14325,0,14325,2014
"6407","T",11427,269000,280427,0,280427,2014
"6408","E",14000,111493,125493,1500,126993,2014
"6409","E",2000,38000,40000,0,40000,2014
"6410","E",3433,19500,22933,0,22933,2014
"6411","E",464,300,764,0,764,2014
"6412","T",48168,18986,67154,500,67654,2014
"6413","T",2300,19093,21393,1000,22393,2014
"6414","E",300,0,300,4200,4500,2014
"6415","E",20500,1128,21628,33800,55428,2014
"6416","E",300,0,300,200,500,2014
"6417","E",300,11600,11900,2200,14100,2014
"6418","E",2262,147312,149574,0,149574,2014
"6419","E",3900,4100,8000,0,8000,2014
"6420","E",490797,0,490797,0,490797,2014
"6421","T",70356,4358,74714,500,75214,2014
"6422","E",17052,10300,27352,0,27352,2014
"6423","E",13248,1000,14248,0,14248,2014
"6424","E",1160,0,1160,0,1160,2014
"6425","E",4000,400,4400,1800,6200,2014
"6426","T",9341,17100,26441,7055,33496,2014
"6427","E",174,100,274,0,274,2014
"6428","E",10900,124,11024,0,11024,2014
"6429","E",9045,124,9169,0,9169,2014
"6430","E",6653,124,6777,0,6777,2014
"6431","E",8260,124,8384,0,8384,2014
"6432","E",10684,124,10808,0,10808,2014
"6433","E",20032,124,20156,0,20156,2014
"6434","E",11620,124,11744,0,11744,2014
"6435","E",8795,124,8919,0,8919,2014
"6436","E",12927,124,13051,0,13051,2014
"6437","E",18247,224,18471,0,18471,2014
"6438","E",52580,119668,172248,0,172248,2014
"6439","E",9355,13457,22812,0,22812,2014
"6440","E",0,11200,11200,0,11200,2014
"6441","T",2204,82800,85004,0,85004,2014
"6442","E",7312,124,7436,0,7436,2014
"6443","E",20262,6591,26853,0,26853,2014
"6444","E",7429,6015,13444,0,13444,2014
"6445","E",12506,124,12630,0,12630,2014
"6446","E",14871,124,14995,0,14995,2014
"6447","E",6846,119668,126514,0,126514,2014
"6448","E",52082,119668,171750,0,171750,2014
"6449","E",22783,20300,43083,0,43083,2014
"6450","E",9888,124,10012,0,10012,2014
"6451","E",7252,125559,132811,0,132811,2014
"6452","E",17806,124,17930,0,17930,2014
"6453","E",10965,124,11089,0,11089,2014
"6454","E",7798,124,7922,0,7922,2014
"6455","E",12000,0,12000,0,12000,2014
"6456","E",7500,0,7500,0,7500,2014
"6457","E",8184,124,8308,0,8308,2014
"6458","E",17882,17482,35364,0,35364,2014
"6459","E",6500,0,6500,0,6500,2014
"6460","E",20000,0,20000,0,20000,2014
"6461","E",6500,0,6500,0,6500,2014
"6462","E",7844,124,7968,0,7968,2014
"6463","E",11500,0,11500,0,11500,2014
"6464","E",8500,0,8500,0,8500,2014
"6465","E",15883,124,16007,0,16007,2014
"6466","E",9238,124,9362,0,9362,2014
"6467","E",12642,119668,132310,0,132310,2014
"6468","E",15170,124,15294,0,15294,2014
"6469","E",14321,124,14445,0,14445,2014
"6470","E",8899,7624,16523,0,16523,2014
"6471","E",19267,124,19391,0,19391,2014
"6472","E",8683,124,8807,0,8807,2014
"6473","E",8500,0,8500,0,8500,2014
"6474","E",15885,124,16009,0,16009,2014
"6475","E",15905,124,16029,0,16029,2014
"6476","E",90500,0,90500,0,90500,2014
"6477","E",8884,124,9008,0,9008,2014
"6478","T",3819,8942,12761,1100,13861,2014
"6479","T",6500,0,6500,0,6500,2014
"6480","E",6738,124,6862,0,6862,2014
"6481","E",14871,124,14995,0,14995,2014
"6482","E",20612,119668,140280,0,140280,2014
"6483","E",55140,119668,174808,0,174808,2014
"6484","E",9460,119668,129128,0,129128,2014
"6485","E",8958,124,9082,0,9082,2014
"6486","E",9500,0,9500,0,9500,2014
"6487","E",7709,119668,127377,0,127377,2014
"6488","E",7069,6015,13084,0,13084,2014
"6489","E",12106,124,12230,0,12230,2014
"6490","E",12546,124,12670,0,12670,2014
"6491","E",8500,0,8500,0,8500,2014
"6492","E",6500,0,6500,0,6500,2014
"6493","E",19262,145624,164886,0,164886,2014
"6494","E",7559,119668,127227,0,127227,2014
"6495","E",14250,124,14374,0,14374,2014
"6496","E",7518,6015,13533,0,13533,2014
"6497","E",14333,119668,134001,0,134001,2014
"6498","E",11000,0,11000,0,11000,2014
"6499","E",7256,124,7380,0,7380,2014
"6500","E",9563,124,9687,0,9687,2014
"6501","E",8082,124,8206,0,8206,2014
"6502","E",10575,124,10699,0,10699,2014
"6503","E",10913,124,11037,0,11037,2014
"6504","E",7429,124,7553,0,7553,2014
"6505","E",10232,124,10356,0,10356,2014
"6506","E",6655,124,6779,0,6779,2014
"6507","E",6500,0,6500,0,6500,2014
"6508","E",6500,0,6500,0,6500,2014
"6509","E",6156,124,6280,0,6280,2014
"6510","E",9000,0,9000,0,9000,2014
"6511","E",8671,125559,134230,0,134230,2014
"6512","E",36512,146124,182636,0,182636,2014
"6513","E",12683,2082,14765,0,14765,2014
"6514","E",10468,0,10468,0,10468,2014
"6515","E",9994,0,9994,0,9994,2014
"6516","E",10604,624,11228,0,11228,2014
"6517","E",22016,124,22140,0,22140,2014
"6518","E",7404,124,7528,0,7528,2014
"6519","E",12711,10124,22835,0,22835,2014
"6520","E",7286,119668,126954,0,126954,2014
"6521","E",14325,124,14449,0,14449,2014
"6522","E",7694,119668,127362,0,127362,2014
"6523","E",9057,124,9181,0,9181,2014
"6524","E",15101,124,15225,0,15225,2014
"6525","E",9855,119668,129523,0,129523,2014
"6526","E",20957,124,21081,0,21081,2014
"6527","E",13372,124,13496,0,13496,2014
"6528","E",16035,124,16159,0,16159,2014
"6529","E",89837,124,89961,0,89961,2014
"6530","E",15926,124,16050,0,16050,2014
"6531","E",26568,124,26692,0,26692,2014
"6532","E",13557,124,13681,0,13681,2014
"6533","E",16897,124,17021,0,17021,2014
"6534","E",20447,624,21071,0,21071,2014
"6535","E",61782,224,62006,0,62006,2014
"6536","E",8608,124,8732,0,8732,2014
"6537","E",8176,124,8300,0,8300,2014
"6538","E",21120,124,21244,0,21244,2014
"6539","E",7913,124,8037,0,8037,2014
"6540","E",10430,124,10554,0,10554,2014
"6541","E",16258,124,16382,0,16382,2014
"6542","E",6696,119668,126364,0,126364,2014
"6543","E",7203,119668,126871,0,126871,2014
"6544","E",7246,124,7370,0,7370,2014
"6545","E",17357,124,17481,0,17481,2014
"6546","E",6696,3124,9820,0,9820,2014
"6547","E",7246,124,7370,0,7370,2014
"6548","E",7028,6115,13143,0,13143,2014
"6549","E",10119,124,10243,0,10243,2014
"6550","E",16349,119668,136017,0,136017,2014
"6551","E",17913,124,18037,0,18037,2014
"6552","E",9855,124,9979,0,9979,2014
"6553","E",6655,124,6779,0,6779,2014
"6554","E",20141,124,20265,0,20265,2014
"6555","E",9326,119668,128994,0,128994,2014
"6556","E",7102,124,7226,0,7226,2014
"6557","E",8176,124,8300,0,8300,2014
"6558","E",6696,124,6820,0,6820,2014
"6559","E",7652,124,7776,0,7776,2014
"6560","T",7145,124,7269,0,7269,2014
"6561","E",6655,119668,126323,0,126323,2014
"6562","E",7041,124,7165,0,7165,2014
"6563","T",10500,0,10500,0,10500,2014
"6564","E",16380,124,16504,0,16504,2014
"6565","T",88011,149364,237375,0,237375,2014
"6566","E",17786,155624,173410,0,173410,2014
"6567","E",14362,124,14486,0,14486,2014
"6568","E",15801,180846,196647,0,196647,2014
"6569","E",24852,155624,180476,0,180476,2014
"6570","E",17710,124,17834,0,17834,2014
"6571","E",9478,124,9602,0,9602,2014
"6572","E",9464,124,9588,0,9588,2014
"6573","E",6721,119668,126389,0,126389,2014
"6574","E",15883,124,16007,0,16007,2014
"6575","E",18389,124,18513,0,18513,2014
"6576","E",9000,0,9000,0,9000,2014
"6577","E",11226,155624,166850,0,166850,2014
"6578","E",7682,125559,133241,0,133241,2014
"6579","E",7079,124,7203,0,7203,2014
"6580","E",8375,124,8499,0,8499,2014
"6581","T",7842,13457,21299,0,21299,2014
"6582","E",20304,124,20428,0,20428,2014
"6583","E",18091,124,18215,0,18215,2014
"6584","E",13155,124,13279,0,13279,2014
"6585","E",6696,124,6820,0,6820,2014
"6586","E",11000,0,11000,0,11000,2014
"6587","E",16952,152091,169043,0,169043,2014
"6588","E",20900,224,21124,0,21124,2014
"6589","E",7669,224,7893,0,7893,2014
"6590","E",48651,119768,168419,0,168419,2014
"6591","E",9744,224,9968,0,9968,2014
"6592","E",17809,124,17933,0,17933,2014
"6593","E",8176,224,8400,0,8400,2014
"6594","E",8300,124,8424,0,8424,2014
"6595","E",12330,124,12454,0,12454,2014
"6596","E",6584,2582,9166,0,9166,2014
"6597","E",16955,624,17579,0,17579,2014
"6598","T",500,0,500,0,500,2014
"6599","E",7275,124,7399,0,7399,2014
"6600","E",8734,119668,128402,0,128402,2014
"6601","E",36588,17366,53954,0,53954,2014
"6602","E",14985,124,15109,0,15109,2014
"6603","E",92125,7964,100089,0,100089,2014
"6604","E",15141,124,15265,0,15265,2014
"6605","E",8490,224,8714,0,8714,2014
"6606","E",36038,3224,39262,0,39262,2014
"6607","E",90188,4124,94312,0,94312,2014
"6608","E",9029,2124,11153,0,11153,2014
"6609","E",49071,124,49195,0,49195,2014
"6610","E",23350,124,23474,0,23474,2014
"6611","E",696,0,696,0,696,2014
"6612","E",14321,124,14445,0,14445,2014
"6613","T",93830,48423,142253,2776,145029,2014
"6614","T",106664,117017,223681,40500,264181,2014
"6615","E",2262,2500,4762,0,4762,2014
"6616","E",9628,6426,16054,0,16054,2014
"6617","E",55796,20200,75996,0,75996,2014
"6618","T",20880,5353,26233,0,26233,2014
"6619","T",32204,28300,60504,0,60504,2014
"6620","T",9628,5223,14851,0,14851,2014
"6621","E",2235,11800,14035,0,14035,2014
"6622","E",20634,124,20758,0,20758,2014
"6623","T",174,2958,3132,0,3132,2014
"6624","T",57114,35747,92861,0,92861,2014
"6625","E",935,11600,12535,0,12535,2014
"6626","E",20764,1000,21764,0,21764,2014
"6627","E",9500,0,9500,0,9500,2014
"6628","E",9000,0,9000,0,9000,2014
"6629","E",14000,0,14000,0,14000,2014
"6630","E",13500,0,13500,0,13500,2014
"6631","E",13500,0,13500,0,13500,2014
"6632","E",7598,124,7722,0,7722,2014
"6633","E",7028,125659,132687,0,132687,2014
"6634","E",6655,124,6779,0,6779,2014
"6635","E",9234,124,9358,0,9358,2014
"6636","E",300,0,300,200,500,2014
"6637","E",9500,15000,24500,1000,25500,2014
"6638","E",0,0,0,600,600,2014
"6639","E",11000,0,11000,0,11000,2014
"6640","E",0,100,100,0,100,2014
"6641","E",5500,116500,122000,0,122000,2014
"6642","E",43324,106054,149378,900,150278,2014
"6643","E",25958,1000,26958,0,26958,2014
"6644","E",12500,124,12624,0,12624,2014
"6645","E",5000,2000,7000,0,7000,2014
"6646","T",7389,40300,47689,7055,54744,2014
"6647","E",935,11600,12535,0,12535,2014
"6648","E",3183,17600,20783,7055,27838,2014
"6649","E",4100,292670,296770,0,296770,2014
"6650","E",4850,0,4850,0,4850,2014
"6651","T",4000,4200,8200,4000,12200,2014
"6652","E",15069,124,15193,0,15193,2014
"6653","E",12864,124,12988,0,12988,2014
"6654","E",3500,12755,16255,1300,17555,2014
"6655","T",122686,111402,234088,1006,235094,2014
"6656","E",34332,66138,100470,0,100470,2014
"6657","E",250,0,250,0,250,2014
"6658","E",11500,0,11500,0,11500,2014
"6659","E",13000,14650,27650,0,27650,2014
"6660","E",44500,3205,47705,1970,49675,2014
"6661","E",5500,11800,17300,5000,22300,2014
"6662","E",93510,155899,249409,0,249409,2014
"6663","T",60770,233161,293931,4675,298606,2014
"6664","E",4000,75963,79963,10600,90563,2014
"6665","E",300,2500,2800,400,3200,2014
"6666","E",11722,500,12222,0,12222,2014
"6667","E",37060,323854,360914,5412,366326,2014
"6668","E",73358,7580,80938,0,80938,2014
"6669","E",16731,124,16855,0,16855,2014
"6670","E",17846,152091,169937,0,169937,2014
"6671","E",0,100,100,0,100,2014
"6672","E",3500,8000,11500,0,11500,2014
"6673","T",32800,46561,79361,0,79361,2014
"6674","E",7448,4400,11848,0,11848,2014
"6675","E",37246,13835,51081,600,51681,2014
"6676","E",0,0,0,600,600,2014
"6677","E",300,100,400,1400,1800,2014
"6678","E",12000,0,12000,0,12000,2014
"6679","E",15425,124,15549,0,15549,2014
"6680","T",17864,300,18164,0,18164,2014
"6681","E",7589,6015,13604,0,13604,2014
"6682","T",5500,15693,21193,500,21693,2014
"6683","E",6000,0,6000,0,6000,2014
"6684","E",7413,124,7537,0,7537,2014
"6685","E",13000,900,13900,0,13900,2014
"6686","T",7000,1300,8300,0,8300,2014
"6687","E",5000,1400,6400,0,6400,2014
"6688","E",9809,124,9933,0,9933,2014
"6689","E",2500,11500,14000,800,14800,2014
"6690","E",5000,1600,6600,0,6600,2014
"6691","E",21000,2690,23690,0,23690,2014
"6692","E",0,36700,36700,0,36700,2014
"6693","E",60528,100,60628,0,60628,2014
"6694","E",174,301809,301983,0,301983,2014
"6695","E",13619,40323,53942,755,54697,2014
"6696","T",21000,100,21100,0,21100,2014
"6697","E",2500,11500,14000,200,14200,2014
"6698","T",11500,2065,13565,0,13565,2014
"6699","E",0,0,0,6400,6400,2014
"6700","E",4000,0,4000,2300,6300,2014
"6701","T",30774,7716,38490,0,38490,2014
"6702","E",30350,0,30350,0,30350,2014
"6703","T",174,7800,7974,0,7974,2014
"6704","E",13178,124,13302,0,13302,2014
"6705","E",4000,14500,18500,2400,20900,2014
"6706","E",1900,500,2400,0,2400,2014
"6707","T",4814,558,5372,0,5372,2014
"6708","E",9500,1600,11100,0,11100,2014
"6709","E",51037,3652,54689,0,54689,2014
"6710","E",16826,124,16950,0,16950,2014
"6711","E",14664,0,14664,0,14664,2014
"6712","T",0,3059149,3059149,1000,3060149,2014
"6713","E",28000,2400,30400,1281,31681,2014
"6714","T",8500,2893,11393,500,11893,2014
"6715","E",8816,0,8816,0,8816,2014
"6716","E",19635,3124,22759,0,22759,2014
"6717","T",3500,124262,127762,1300,129062,2014
"6718","T",27000,16112,43112,0,43112,2014
"6719","E",522377,13600,535977,7055,543032,2014
"6720","E",200,11500,11700,5000,16700,2014
"6721","T",1819,0,1819,0,1819,2014
"6722","E",2037,0,2037,0,2037,2014
"6723","T",47694,19552,67246,0,67246,2014
"6724","E",111534,108009,219543,0,219543,2014
"6725","E",0,11158,11158,0,11158,2014
"6726","E",23000,3000,26000,0,26000,2014
"6727","T",38964,36378,75342,328,75670,2014
"6728","E",800,2700,3500,2000,5500,2014
"6729","T",300,4700,5000,700,5700,2014
"6730","T",10788,5730,16518,0,16518,2014
"6731","T",49500,560,50060,200,50260,2014
"6732","E",7872,2952,10824,0,10824,2014
"6733","E",47500,278987,326487,6475,332962,2014
"6734","E",9396,27992,37388,0,37388,2014
"6735","T",5568,9234,14802,0,14802,2014
"6736","T",8500,60367,68867,0,68867,2014
"6737","E",8816,0,8816,0,8816,2014
"6738","E",47500,36786,84286,9345,93631,2014
"6739","E",45000,600,45600,0,45600,2014
"6740","T",39904,300,40204,0,40204,2014
"6741","E",74500,22500,97000,0,97000,2014
"6742","E",174,2100,2274,0,2274,2014
"6743","E",38399,27523,65922,0,65922,2014
"6744","T",2088,16000,18088,0,18088,2014
"6745","T",29037,1000,30037,0,30037,2014
"6746","T",11873,800,12673,0,12673,2014
"6747","E",10674,600,11274,0,11274,2014
"6748","E",8236,0,8236,0,8236,2014
"6749","E",12248,15813,28061,0,28061,2014
"6750","T",65334,94622,159956,0,159956,2014
"6751","T",4500,0,4500,0,4500,2014
"6752","E",44000,0,44000,0,44000,2014
"6753","T",2088,0,2088,0,2088,2014
"6754","E",300,6800,7100,1200,8300,2014
"6755","T",300,7300,7600,0,7600,2014
"6756","E",10000,0,10000,0,10000,2014
"6757","E",20000,7505,27505,0,27505,2014
"6758","E",30464,20022,50486,0,50486,2014
"6759","T",5707,3100,8807,7055,15862,2014
"6760","E",37450,48124,85574,0,85574,2014
"6761","E",13000,0,13000,0,13000,2014
"6762","T",0,1550,1550,0,1550,2014
"6763","E",19046,124,19170,0,19170,2014
"6764","E",6655,124,6779,0,6779,2014
"6765","E",935,100,1035,0,1035,2014
"6766","E",112459,100,112559,0,112559,2014
"6767","E",2037,100100,102137,0,102137,2014
"6768","E",7000,0,7000,0,7000,2014
"6769","E",300,300,600,23700,24300,2014
"6770","E",32443,13013,45456,0,45456,2014
"6771","T",2500,100,2600,0,2600,2014
"6772","E",83000,202902,285902,2500,288402,2014
"6773","E",4000,0,4000,900,4900,2014
"6774","T",4000,400,4400,2400,6800,2014
"6775","E",0,21704,21704,7055,28759,2014
"6776","T",6000,32000,38000,0,38000,2014
"6777","T",18734,558,19292,0,19292,2014
"6778","E",12642,124,12766,0,12766,2014
"6779","E",0,200,200,0,200,2014
"6780","E",9873,2540,12413,0,12413,2014
"6781","E",3500,14700,18200,1600,19800,2014
"6782","E",18560,378180,396740,0,396740,2014
"6783","E",2436,75348,77784,0,77784,2014
"6784","E",9976,224811,234787,0,234787,2014
"6785","T",103,19570,19673,0,19673,2014
"6786","E",11874,159162,171036,0,171036,2014
"6787","E",24000,200,24200,12500,36700,2014
"6788","E",46322,0,46322,0,46322,2014
"6789","E",2000,17968,19968,5700,25668,2014
"6790","E",11924,124,12048,0,12048,2014
"6791","E",16514,124,16638,0,16638,2014
"6792","T",1500,0,1500,0,1500,2014
"6793","E",10000,10000,20000,0,20000,2014
"6794","T",31614,2572,34186,0,34186,2014
"6795","E",6500,0,6500,0,6500,2014
"6796","E",11498,124,11622,0,11622,2014
"6797","E",10638,6015,16653,0,16653,2014
"6798","E",7000,0,7000,0,7000,2014
"6799","E",91555,145724,237279,0,237279,2014
"6800","E",8186,2082,10268,0,10268,2014
"6801","E",18978,124,19102,0,19102,2014
"6802","E",19294,124,19418,0,19418,2014
"6803","E",6584,6015,12599,0,12599,2014
"6804","E",16204,2182,18386,0,18386,2014
"6805","E",10430,124,10554,0,10554,2014
"6806","E",6584,0,6584,0,6584,2014
"6807","E",6000,0,6000,0,6000,2014
"6808","E",6500,0,6500,0,6500,2014
"6809","E",17588,119668,137256,0,137256,2014
"6810","E",8000,0,8000,0,8000,2014
"6811","E",9000,0,9000,0,9000,2014
"6812","E",10000,0,10000,0,10000,2014
"6813","E",9500,0,9500,0,9500,2014
"6814","E",8270,224,8494,0,8494,2014
"6815","E",10500,0,10500,0,10500,2014
"6816","E",0,123148,123148,0,123148,2014
"6817","E",3000,0,3000,0,3000,2014
"6818","E",12614,2282,14896,0,14896,2014
"6819","E",7763,119668,127431,0,127431,2014
"6820","E",3500,19100,22600,5900,28500,2014
"6821","E",10900,9240,20140,625,20765,2014
